160
4 28 34 60 181
4 35 147 199 231
4 93 61 187 258
4 97 271 277 288
4 190 311 292 175
4 196 360 236 208
4 197 219 249 409
4 252 419 385 439
4 286 455 473 430
4 333 3 6 8
4 369 10 13 18
4 420 24 55 23
4 423 89 65 91
4 441 105 99 121
4 12 123 149 90
4 33 163 162 180
4 47 177 201 188
4 165 214 225 192
4 300 242 263 268
4 326 235 283 278
4 482 294 336 328
4 1 351 230 348
4 14 375 302 384
4 21 392 139 388
4 256 31 399 403
4 279 391 422 427
4 299 353 407 203
4 306 159 447 424
4 315 467 345 459
4 322 276 22 16
4 330 26 27 29
4 421 364 40 36
4 454 474 45 50
4 7 497 66 46
4 17 44 70 76
4 86 56 81 92
4 154 100 101 106
4 189 107 78 54
4 212 95 114 109
4 334 59 129 112
4 352 128 119 124
4 358 144 151 160
4 414 153 138 148
4 492 195 172 200
4 11 136 226 204
4 64 244 400 233
4 72 218 104 267
4 73 237 245 254
4 120 164 280 269
4 141 132 304 332
4 156 113 341 359
4 158 25 363 372
4 170 412 373 378
4 182 325 207 186
4 213 117 432 450
4 266 108 425 446
4 301 472 361 2
4 319 80 379 9
4 337 274 494 51
4 410 116 42 43
3 443 240 63
3 462 41 53
3 484 394 68
3 495 437 83
3 0 490 284
3 38 20 102
3 48 71 461
3 52 221 84
3 111 486 94
3 155 166 96
3 210 431 74
3 234 79 58
3 261 405 30
3 264 247 142
3 298 449 37
3 310 429 62
3 329 285 57
3 350 438 87
3 371 115 4
3 376 452 103
3 434 32 347
3 448 362 185
3 451 198 143
3 463 152 173
3 475 5 77
3 15 499 395
3 19 193 453
3 273 460 174
3 320 397 295
3 324 356 168
3 367 442 251
3 387 69 307
3 396 217 118
3 433 401 339
3 445 444 130
3 498 411 131
3 259 468 39
3 282 365 85
3 289 126 135
3 377 161 169
3 390 183 238
3 49 228 257
3 67 232 262
3 75 270 314
3 82 275 323
3 88 281 335
3 98 313 343
3 110 316 374
3 122 340 465
3 125 355 470
3 127 383 133
3 134 418 145
3 137 428 179
3 140 469 496
3 146 476 216
3 150 220 206
3 157 239 209
3 167 243 211
3 171 290 291
3 176 321 296
2 178 349
2 184 398
2 191 413
2 194 440
2 202 466
2 205 308
2 215 386
2 222 393
2 223 404
2 224 478
2 227 487
2 229 491
2 241 253
2 246 293
2 248 303
2 250 317
2 255 318
2 260 338
2 265 344
2 272 346
2 287 354
2 297 389
2 305 416
2 309 471
2 312 366
2 327 406
2 331 435
2 342 456
2 357 483
2 368 489
2 370 381
2 380 382
2 402 426
2 408 458
2 415 477
2 417 481
2 436 493
2 457 464
2 479 485
2 480 488
