1628
4 5357 2061 9247 3135
4 5121 1287 9213 847
4 8148 1492 4631 2545
4 6404 4863 9131 453
4 421 4574 2222 4041
4 2589 3505 6668 7168
4 5913 1729 6476 3295
4 5583 370 8479 6640
4 6255 2932 8775 8287
4 9906 5616 3273 9765
4 8785 9618 8591 3420
4 3629 7100 8004 674
4 6584 9383 8854 5251
4 7710 6639 5427 1561
4 1737 2117 5090 1556
4 3987 3825 1114 9620
4 7529 7792 5363 2598
4 5231 5886 1388 6756
4 2094 2331 5592 948
4 4386 4036 3942 8911
4 5796 8189 1385 8119
4 9487 1423 4473 864
4 6735 4106 7525 7369
4 8197 1081 5526 4695
4 1756 7936 4670 2459
4 2584 9888 683 7819
4 8754 3626 4194 5211
4 998 7939 5083 8689
4 2395 2723 936 2345
4 6655 3457 6613 8384
4 2861 7368 5001 9959
4 6312 1248 8814 7950
4 59 7863 5989 2968
4 7923 3176 684 2196
4 7569 281 63 2475
4 7704 4808 9614 8636
4 5515 110 4090 5602
4 9612 4004 7515 2246
4 6632 5416 2064 4916
4 7444 2212 5791 7290
4 8873 6240 6170 876
4 7262 7577 8641 3678
4 8452 8837 8991 3765
4 2489 3302 5651 1491
4 7796 3272 7198 8392
4 5905 2819 1233 3795
4 398 5048 7208 5052
4 8407 384 1734 4405
4 820 7259 8585 2008
4 604 7135 2141 6782
4 6459 7945 9256 1101
4 9004 1115 2548 666
4 7549 2070 8152 2922
4 7064 3149 1707 3656
4 4848 7201 5042 5945
4 8603 1013 8063 443
4 8733 9295 49 7825
4 8437 2558 4579 4430
4 9354 6702 9019 7927
4 9529 8639 5101 9307
4 6839 7896 7101 1071
4 1524 6107 976 3647
4 4449 3607 3047 4509
4 4318 336 5046 8058
4 5744 1004 4135 839
4 9483 3463 4874 6252
4 4100 752 44 7202
4 6823 2096 818 5653
4 3904 3228 3566 4957
4 4233 2115 9128 7937
4 7108 1851 1353 8338
4 3697 5295 3096 4886
4 1396 4322 6495 6935
4 973 7757 3896 636
4 3015 1210 4940 6381
4 2155 7136 8322 7551
4 4644 2964 1830 1146
4 2752 9129 9795 1203
4 2687 4917 4240 7595
4 2843 594 2228 7540
4 5570 1214 8851 887
4 8284 2728 2259 5383
4 461 854 1164 8465
4 3715 82 9433 47
4 5918 4655 3024 1713
4 9813 7543 1094 9552
4 2935 7231 4983 2456
4 6762 4074 1742 2962
4 1677 4141 7305 7145
4 4147 766 5873 1988
4 6196 4131 2499 5219
4 9818 4702 3686 727
4 8320 5772 2759 8553
4 8777 4637 532 7
4 132 9525 7447 9894
4 3484 4788 62 7083
4 962 4406 7326 8485
4 8240 2686 3519 3357
4 371 4112 7308 6957
4 9267 3196 7313 6129
4 714 7715 3792 9
4 7834 4167 2736 4657
4 4961 7648 5625 7583
4 9965 4475 8116 6168
4 4685 1591 8250 6611
4 2124 4847 7032 7088
4 9986 3337 9568 2342
4 6677 992 850 1322
4 7104 7725 9196 8736
4 5773 1433 9866 7196
4 2080 5172 9690 859
4 5214 3689 1418 9063
4 7409 2642 9946 1946
4 1341 213 2060 4912
4 3499 9235 1050 2340
4 7961 4619 6178 6882
4 4964 3309 71 5686
4 6176 9106 6558 4995
4 8612 8608 5006 3775
4 3940 8010 3437 4139
4 5982 6567 9747 2749
4 2727 7494 8397 4374
4 2274 1568 4076 5156
4 5713 4185 5904 8387
4 9305 3889 1724 9542
4 5310 4244 2481 8626
4 3293 5652 5729 3593
4 4925 6547 7851 7545
4 6550 4150 2308 7464
4 7516 8601 2628 2726
4 8745 8767 3781 4235
4 1671 2323 6537 8997
4 1955 120 201 4390
4 1812 1934 6927 8865
4 9527 9275 3170 5931
4 7579 9344 3475 6534
4 1450 403 2045 3376
4 3114 4320 9559 9539
4 7359 5081 8233 9528
4 3042 9713 8506 5845
4 3142 5366 8849 8259
4 4561 778 4480 3257
4 5494 7445 8267 9151
4 3844 7148 3842 3112
4 8803 18 4959 6913
4 9263 3840 3583 3869
4 3072 3672 6467 9320
4 723 5777 8644 4837
4 1895 2243 3526 6050
4 4102 8187 8242 2123
4 9532 11 4402 7814
4 9917 8094 6359 3155
4 2982 2652 1552 7726
4 2293 7673 7385 2870
4 8332 7862 9514 446
4 954 1839 9605 2305
4 8375 6580 373 5540
4 5163 654 2944 1767
4 8193 1383 6123 2985
4 9119 7944 8286 3950
4 2544 9966 706 7522
4 4490 9374 5096 3106
4 4638 6300 7703 676
4 1621 2795 2036 8478
4 586 58 9856 2267
4 2085 1231 2718 1509
4 3648 1845 8348 8079
4 3757 7953 9784 6060
4 9576 4902 1711 2213
4 3542 8367 1359 7316
4 6038 3913 3618 2994
4 7451 7166 2023 2203
4 2828 7756 4965 2300
4 7643 9111 1049 2160
4 6571 6481 8721 6777
4 774 333 463 6582
4 4550 9942 2313 3229
4 8138 8346 1096 5854
4 1763 5136 9732 7920
4 8186 1136 2817 1817
4 328 5600 7079 7026
4 2862 8430 3126 5324
4 6134 7212 65 5919
4 9302 8697 6329 5359
4 4058 9289 4498 9779
4 2814 9649 6989 9283
4 4044 5962 8839 9722
4 9900 1372 7050 4151
4 3451 2009 9366 5665
4 3708 3745 2535 2920
4 8115 780 5622 1336
4 5609 6147 9154 4551
4 6171 3089 3443 3356
4 8616 8253 4516 9691
4 1160 6363 645 2351
4 9243 9365 4352 6602
4 9873 8026 245 8614
4 1936 4284 3485 5891
4 8101 8167 1427 6994
4 7267 9585 4690 7981
4 8509 7209 1701 8834
4 9921 5492 8199 2095
4 687 1085 2364 9629
4 8036 717 3062 745
4 2282 7922 257 4582
4 7008 7629 5793 5239
4 5209 6477 8200 1861
4 6842 332 7119 5149
4 3632 4557 593 4867
4 3899 251 5593 4259
4 7466 4293 1510 877
4 2674 8501 7671 8779
4 3253 6 5909 6666
4 9340 3308 9806 2941
4 177 5518 171 4357
4 6985 5733 1351 6342
4 8701 5991 9751 9968
4 7700 5332 1800 2905
4 3002 1202 4351 2957
4 3083 9930 1740 1976
4 8563 6415 3368 1564
4 1996 1249 4711 2162
4 2572 1340 7415 2575
4 6638 7439 321 9511
4 8047 1965 8003 2802
4 1357 1344 9546 4134
4 6313 5758 6188 709
4 2619 7210 4477 1747
4 9252 7153 3730 8751
4 9778 8449 4331 9419
4 522 4951 1717 7647
4 2571 8915 924 3496
4 4137 9443 1714 1364
4 103 4161 9550 2043
4 6316 6426 8056 67
4 565 6914 7057 1522
4 2112 5488 2647 7677
4 8477 9426 9545 1743
4 8811 4222 96 7972
4 9123 6297 9363 7344
4 9124 8658 188 6144
4 214 7250 8651 6738
4 2536 7330 9325 2776
4 1787 301 7489 8470
4 3379 385 8431 8418
4 4884 8040 9569 8579
4 7911 6042 6956 9626
4 8947 7699 5683 6419
4 60 1673 5728 8835
4 3214 2265 6616 7613
4 1001 3579 8487 1636
4 1820 5028 3223 1061
4 5544 8866 264 6309
4 8163 5244 4367 8659
4 8923 5074 6192 5970
4 750 2089 3655 3834
4 5330 278 9572 4977
4 8529 1200 6410 3673
4 9974 5375 8990 3120
4 1975 4649 9718 773
4 5236 2509 407 1508
4 7934 6058 2809 7524
4 1505 6627 5720 3167
4 7391 5529 3001 1523
4 4727 4696 1429 3271
4 296 3137 6384 9746
4 1883 9397 9962 2952
4 9166 1178 1912 1998
4 3750 1228 2912 7253
4 2245 3087 8671 3997
4 4572 5170 4960 8297
4 791 3473 1483 902
4 4415 6226 8677 9952
4 4717 85 3367 1948
4 5131 836 7118 5808
4 8168 7443 6028 9078
4 5835 3791 3944 6198
4 767 4600 5476 2612
4 2573 7412 6769 4524
4 7824 55 8707 2055
4 9271 9048 4200 9265
4 9341 4179 8453 7095
4 6273 9507 3557 7567
4 631 4527 8683 3022
4 3830 8670 3885 1720
4 3845 3870 1889 8204
4 8548 634 7617 5610
4 8607 5308 6012 3028
4 197 6336 7603 9566
4 797 5864 3278 915
4 4870 4565 4474 4469
4 6742 6110 3736 513
4 8625 4706 8442 5174
4 9853 5197 1681 7696
4 3306 9689 4883 6010
4 5155 4079 1542 1037
4 5553 7748 432 1117
4 8702 8722 7618 1684
4 9797 8940 5803 7436
4 3978 4043 2627 875
4 6377 8750 6981 3248
4 8132 1476 1040 4607
4 1810 7296 1378 995
4 3905 9695 7319 9843
4 7155 884 2877 4307
4 8183 2592 1923 3511
4 9250 8874 7870 5785
4 730 6747 559 3037
4 2486 2585 2000 8932
4 4861 520 6146 6231
4 283 1261 3107 1152
4 2353 8172 4439 8964
4 3 7823 1853 1526
4 3857 7041 8524 2798
4 9871 4038 6220 1154
4 6662 6577 6656 5849
4 7302 4532 8895 1116
4 1140 970 1833 8466
4 263 7255 6498 5998
4 1587 4975 5203 3518
4 6578 4617 9769 172
4 7880 5547 846 5207
4 9755 6320 6965 6296
4 2927 3853 9880 10
4 6483 1708 7463 5839
4 7103 5278 1821 3050
4 3728 1765 8692 3544
4 7978 451 3375 8328
4 464 5446 9907 9014
4 1224 8931 8516 688
4 3508 4871 2106 56
4 6757 6444 8929 525
4 1253 7678 1073 5151
4 6370 174 7740 8637
4 3561 2185 844 5503
4 3877 5250 5941 7238
4 7861 4663 4731 4292
4 9908 6856 7778 923
4 2939 5271 6540 1570
4 3362 5118 1601 6526
4 4786 6367 7178 297
4 7759 8363 9464 2221
4 9359 4521 117 1234
4 137 9961 164 1484
4 2937 5705 6752 9741
4 5902 4093 8956 1571
4 7536 6605 5007 9161
4 9599 9350 2368 9895
4 2488 3134 2165 5563
4 3892 6938 2766 5627
4 4361 3258 7558 5017
4 5462 9849 139 145
4 5823 208 5441 5899
4 9197 9425 1712 8081
4 916 3691 4230 3055
4 5341 2407 6149 7149
4 17 3104 4946 8044
4 1361 6389 7518 7346
4 2566 3769 5013 7363
4 2600 9597 2848 2879
4 4668 8198 3674 9214
4 8527 8650 3932 2484
4 1726 912 7983 9246
4 5378 6266 9168 6102
4 9984 7130 3276 9390
4 529 5875 1010 1197
4 760 6396 7692 556
4 5548 4126 211 1876
4 7215 178 628 2872
4 4604 9490 1589 6680
4 6715 1015 1648 642
4 738 9121 4491 6052
4 1430 9450 480 1827
4 3516 5056 1735 6731
4 3746 5879 2007 1866
4 3969 6193 9471 656
4 9092 1963 8653 87
4 1122 6036 4627 3973
4 2716 5948 1487 926
4 5649 2295 6256 6215
4 6583 3540 3480 1632
4 8714 8824 4859 2125
4 5325 6350 7839 6531
4 5579 8161 4671 8134
4 6205 4650 3808 8305
4 6364 9382 2590 2538
4 7218 2649 6645 6133
4 7624 1159 7375 7764
4 8239 2836 8609 9286
4 4990 5815 6152 1856
4 8673 1847 1877 931
4 8833 1129 7318 1260
4 9182 3608 8617 4792
4 8059 597 1718 7278
4 2804 3895 5559 9637
4 5574 8434 8537 4933
4 6451 8293 53 8468
4 7499 2309 5981 142
4 9594 6623 2226 4555
4 7152 7875 9799 3573
4 2127 28 9580 1888
4 2555 6703 2811 8606
4 7204 8967 1056 9165
4 9135 1825 8684 4725
4 3029 1620 3132 6685
4 6721 4496 1884 7542
4 8247 7888 4814 1642
4 9719 9730 5058 9414
4 3828 6111 1943 151
4 6157 9241 9276 7361
4 7151 9776 1874 7219
4 7752 1205 5824 9675
4 9588 8578 9714 3891
4 289 7105 4442 4573
4 900 7884 2999 9748
4 7954 5644 2091 4592
4 206 6741 648 2765
4 2516 7413 1445 2705
4 3239 7659 4661 4363
4 3677 6849 3980 6443
4 3692 9326 4997 2241
4 5487 5094 6651 5710
4 5513 4703 8907 7475
4 1464 5794 7286 3802
4 8652 2428 4716 1311
4 9852 9602 6155 1819
4 590 4054 7662 9976
4 1393 6053 4055 8258
4 4170 4066 362 236
4 9499 1704 2697 5671
4 3527 6228 4926 4187
4 4522 7003 4636 7734
4 834 4656 3945 5035
4 3092 1598 9523 5517
4 5061 4774 5916 124
4 307 6628 1994 253
4 2732 290 534 2020
4 6206 7526 9864 8423
4 6984 4091 4559 9016
4 8342 4381 5371 1406
4 9238 2490 3567 6676
4 9407 5474 5205 5530
4 589 7406 3558 7993
4 1562 9530 4410 6289
4 2190 8241 735 7090
4 4611 7683 1467 7594
4 4857 2375 1471 2783
4 6306 1332 2457 8333
4 7512 2854 7733 3422
4 7777 7382 8861 3553
4 4865 8597 1440 7841
4 5418 4506 1837 9376
4 7610 3297 960 5020
4 4692 4720 6794 3718
4 6932 4495 2806 4064
4 8032 909 5457 6827
4 8035 2461 1339 7037
4 9761 9650 6380 1023
4 540 4089 4904 1584
4 4875 9896 6778 3531
4 4989 3912 3145 7374
4 1282 2254 7943 7818
4 3924 3839 1595 3760
4 5044 2381 6733 4773
4 5235 8376 489 4639
4 6557 9468 1723 6800
4 2565 5389 8715 6366
4 2887 5489 9453 3704
4 3654 1021 6365 404
4 6326 2907 8176 5551
4 8123 5856 9726 7426
4 898 7356 5178 7592
4 2400 3906 33 6016
4 4771 8648 7785 6988
4 7074 6857 6076 4879
4 3498 3582 9368 6340
4 6976 9456 3153 1512
4 9922 3299 6208 2874
4 358 9848 210 5869
4 2006 5901 2389 3323
4 2081 8898 8845 9988
4 6673 9561 622 8153
4 1533 5633 689 3966
4 2320 8150 39 5865
4 4412 5255 7310 8425
4 5355 7990 8954 4478
4 6436 5336 8299 5776
4 7432 8889 5920 3352
4 9220 9143 7230 3983
4 147 7454 4953 7768
4 5898 8746 2398 5461
4 7914 4766 7419 5085
4 8432 9879 4375 3595
4 1422 1609 804 1090
4 6361 32 947 4907
4 8019 3749 635 7116
4 146 5531 2134 3914
4 6490 7249 5086 6466
4 6514 3075 6528 9192
4 7821 6585 4011 6784
4 8938 6870 678 3811
4 2462 3244 4704 3011
4 7534 4202 512 1761
4 9043 4124 1952 4016
4 737 9122 7480 3339
4 2401 4057 1822 7596
4 3617 7770 3559 5380
4 4452 149 6184 5467
4 7530 6649 170 6700
4 8043 4026 9734 8894
4 9361 5908 9221 300
4 9684 9222 5832 3322
4 396 7013 1347 9703
4 1529 7876 8679 1930
4 2260 7175 3129 7010
4 3882 5047 7966 9631
4 8823 5896 2191 4887
4 9072 8712 5566 8632
4 150 0 6203 45
4 1922 3188 2167 3564
4 2129 9429 6243 2707
4 7917 6421 2924 5724
4 198 9062 2277 7689
4 835 6446 3121 1886
4 3371 5939 8325 7221
4 6202 9549 6811 9173
4 9971 7186 9978 8519
4 3985 4514 6248 9573
4 4467 6637 1174 7970
4 4823 3428 1507 8133
4 5522 6834 7386 1569
4 359 6015 1181 1100
4 5556 1157 9752 1044
4 7956 9802 4640 8517
4 8238 3694 2467 4992
4 8682 4340 708 8276
4 9667 6681 4659 3991
4 711 313 9299 2983
4 3136 9096 6942 6264
4 5615 2024 5756 8196
4 6724 9459 4215 7425
4 9091 5954 4335 7964
4 9183 5040 5362 3818
4 9606 7509 8908 4511
4 9828 7424 5947 7809
4 7220 9987 9996 2702
4 9868 4208 8143 6596
4 1256 7984 3226 5763
4 2148 7500 6726 2875
4 2343 6873 6648 9836
4 6574 611 9891 9633
4 6705 5813 6903 1668
4 7731 4419 8264 2025
4 849 2198 1593 3031
4 1382 5277 5173 433
4 3641 8202 1106 4790
4 4465 5496 5164 6246
4 5451 2495 8801 1381
4 5584 1411 1047 8160
4 6160 3894 5730 2062
4 8263 2329 7975 562
4 471 3020 6719 6112
4 2278 8139 6022 6478
4 3724 9068 3596 204
4 8562 9038 2672 3517
4 1908 4958 3563 5198
4 4708 7727 6017 3681
4 4949 608 5166 5536
4 6553 8696 2954 3809
4 6659 5721 8222 955
4 8027 6263 1321 6051
4 8752 355 3412 8413
4 1199 4456 234 8864
4 5657 2506 240 6960
4 6522 6492 5157 7633
4 9583 1179 9198 4943
4 2367 8828 8810 1062
4 5240 9418 3004 2337
4 5860 465 9768 7614
4 8711 3203 1616 430
4 9210 9716 2159 4052
4 9328 5449 919 2193
4 541 2661 4286 2578
4 3127 2746 2437 9187
4 7384 4046 1840 1640
3 5836 8006 7995
3 7521 2296 1409
3 514 5872 9446
3 825 131 270
3 8210 8876 4188
3 9721 6698 8454
3 2601 2033 9332
3 4206 1744 6351
3 7555 968 9486
3 8667 7397 8863
3 889 1400 5082
3 1751 6280 5208
3 1768 6097 3926
3 2120 6003 3311
3 3105 1012 6576
3 4359 6275 1330
3 6713 5751 97
3 7877 4742 9699
3 8336 6835 2632
3 70 2604 372
3 1535 6565 2072
3 3330 9519 4534
3 4092 5606 8919
3 6864 4798 3590
3 7751 6964 1475
3 8031 8383 3212
3 8977 3657 978
3 9920 8180 1036
3 9935 3370 3344
3 9995 9086 1279
3 530 4858 8215
3 1843 8568 7457
3 3235 9538 9944
3 3972 9201 1961
3 4228 2786 1649
3 4801 9767 1796
3 5368 2949 6809
3 9269 3280 7674
3 431 4502 8037
3 456 1939 6450
3 4000 7170 4777
3 7729 2514 24
3 7924 2102 458
3 8089 9398 487
3 9028 2595 6887
3 9600 3364 8137
3 500 6761 4783
3 620 5191 5168
3 1750 6972 7663
3 2762 9584 4839
3 3939 1519 7586
3 6008 5986 9656
3 136 2694 4358
3 439 6959 6352
3 673 6824 1546
3 1259 9036 4434
3 1980 5752 86
3 2977 8900 4942
3 3956 2210 4399
3 4301 2881 37
3 4796 1318 2074
3 6161 1983 9047
3 6890 9075 7206
3 8401 1538 6915
3 8447 9137 2149
3 9431 885 2772
3 2713 457 5024
3 4221 335 1536
3 5245 5994 183
3 5482 8326 6121
3 6844 2028 8822
3 7407 5732 7724
3 7991 3060 4595
3 956 7320 3021
3 2399 2741 7461
3 4104 7881 2891
3 6137 4994 9838
3 8252 392 725
3 8435 7812 7889
3 9413 2785 2837
3 1694 4736 9083
3 2207 9114 7357
3 3793 2953 2892
3 4238 7362 2297
3 4387 5666 4635
3 6197 4116 842
3 6463 5181 9035
3 7800 802 4596
3 7895 1453 6328
3 8859 6332 3875
3 9855 7471 1778
3 3822 801 6448
3 6302 6175 7850
3 7554 8543 4248
3 602 2956 7859
3 756 7410 8486
3 1755 4339 6148
3 3543 615 4504
3 4400 1220 31
3 5897 325 9709
3 6963 5125 7959
3 8314 8353 3052
3 8815 2596 840
3 9009 1009 644
3 2144 502 8426
3 2608 221 4567
3 2903 229 8438
3 3141 613 3651
3 3951 3789 9215
3 6311 9651 3347
3 6471 9678 6699
3 7094 4787 4877
3 7387 5066 9564
3 8093 6818 8028
3 8766 4688 2859
3 8930 8663 5817
3 9094 6229 9223
3 462 1377 7602
3 1371 68 3841
3 2610 9993 6506
3 6353 9394 4291
3 9578 2469 1959
3 40 6952 2059
3 1161 1080 9227
3 1678 7314 4826
3 1688 5106 7960
3 4069 4689 6034
3 5628 4982 4097
3 6127 9659 5719
3 6925 7742 3903
3 7078 78 9489
3 168 8097 5190
3 2412 6746 3887
3 5233 6232 8903
3 9820 6225 2950
3 739 8576 6452
3 1426 2002 7632
3 2307 5881 76
3 2683 9595 7994
3 2685 1270 726
3 6944 1590 2101
3 7557 9892 5128
3 7694 252 5212
3 8737 8629 57
3 152 5631 7666
3 343 2164 5422
3 393 4078 640
3 402 4811 4173
3 511 579 7395
3 639 7631 2929
3 2169 4047 5959
3 3012 2388 9280
3 3318 2137 860
3 4488 8398 8571
3 4549 7176 6291
3 6725 5676 1979
3 8022 8950 7697
3 9015 2358 3679
3 9540 2629 3233
3 1043 4679 6315
3 1869 1807 848
3 5558 7036 7581
3 6473 305 3396
3 8804 6674 413
3 34 7951 83
3 793 2232 3123
3 4031 937 4298
3 4099 949 3902
3 5882 6357 5850
3 7423 1892 2898
3 7803 3246 3449
3 7971 7532 649
3 8256 4662 6095
3 8643 1276 4855
3 953 5829 5863
3 1165 7906 1286
3 2242 2533 4554
3 2472 2215 5951
3 3555 3261 9274
3 3743 3146 20
3 4880 8206 293
3 9957 9830 3621
3 13 8986 6210
3 467 4311 7430
3 1167 3761 1416
3 3515 2799 2668
3 3698 4969 2634
3 4723 4750 2432
3 5443 5200 6922
3 5731 4856 9157
3 6005 9313 2669
3 7132 8675 7813
3 9887 9294 23
3 153 7713 1369
3 477 1032 3581
3 1502 4653 1532
3 2304 2047 7804
3 3509 9105 4922
3 9475 3174 2303
3 346 2019 3431
3 740 1084 444
3 3665 9526 1516
3 4267 4747 16
3 4451 4767 7194
3 5950 9635 2529
3 6046 5714 4176
3 6189 9810 1296
3 6479 4155 9692
3 6563 9333 568
3 7496 7252 6258
3 7826 4030 1452
3 193 4245 5401
3 395 3838 5026
3 414 7150 7490
3 1549 1650 7565
3 1586 4246 7018
3 1953 2143 1250
3 2527 4279 982
3 5146 2422 8212
3 5161 6920 1527
3 9337 5175 868
3 9524 4001 8965
3 4249 8229 554
3 5346 6693 8821
3 6104 8355 7963
3 6544 1606 1504
3 6740 9680 3911
3 7024 9488 3824
3 8456 225 9251
3 9065 9958 9543
3 1194 5237 3161
3 2531 9551 3407
3 2751 6270 2264
3 2824 5895 4605
3 3482 4775 4144
3 3504 8067 6744
3 4314 115 1793
3 6244 4501 9496
3 9234 4095 30
3 3263 8498 6664
3 3748 5373 4935
3 3773 9711 6494
3 3806 6612 8918
3 4537 4623 185
3 5387 7653 1118
3 6630 9272 5672
3 7197 8729 6294
3 7236 5834 9655
3 7743 6846 499
3 1031 4328 8727
3 1514 2328 5980
3 3332 1201 7849
3 3930 1132 8201
3 4398 9181 6828
3 8277 5097 9002
3 8440 4892 1865
3 9458 9985 1806
3 675 9624 8981
3 1891 2946 4156
3 1986 1951 7237
3 2442 1669 9260
3 3316 6245 4482
3 4578 8642 9085
3 4841 7761 1618
3 4914 1058 7600
3 7559 4840 4447
3 8952 2570 9022
3 1027 5059 6604
3 2671 5199 5400
3 2712 8978 5442
3 3125 6569 4694
3 3513 365 5641
3 3880 8593 3355
3 4713 8235 6093
3 6430 6472 2402
3 6510 1288 4325
3 6822 7899 1835
3 6852 7247 3274
3 6962 4489 3547
3 8179 2333 7616
3 8289 6078 4898
3 8654 2591 3099
3 459 6669 7634
3 858 8567 7315
3 3747 9858 8372
3 4164 94 2220
3 5043 9745 6323
3 5769 2205 6766
3 7622 2294 3883
3 8177 1266 5471
3 9149 5098 6524
3 3147 899 1848
3 3570 6398 101
3 4407 4804 473
3 7418 1849 6223
3 7828 419 6711
3 7957 576 2911
3 8808 7805 5831
3 8897 1639 8382
3 123 8572 7085
3 1898 4562 2335
3 6118 5800 8340
3 6130 2235 4172
3 6600 8806 2046
3 9611 1774 5460
3 1110 2237 8472
3 1978 6990 8756
3 4558 7275 7190
3 6002 6803 6993
3 6126 2199 22
3 6590 8021 8734
3 6727 417 9771
3 6851 3884 3324
3 7048 7460 4546
3 7721 2549 4197
3 8108 3402 5323
3 9073 9603 3849
3 2240 4217 8129
3 2466 5134 143
3 5077 7686 7127
3 6090 5268 9744
3 6899 4564 8773
3 7273 6064 8996
3 7665 9003 7868
3 8388 9013 9859
3 8393 1699 9877
3 8753 1192 2016
3 9927 3873 6356
3 896 4394 6697
3 1754 2105 9613
3 2582 2417 5613
3 3078 516 3281
3 3587 5041 2216
3 3615 9008 7510
3 5019 7329 4312
3 5505 9844 9261
3 5812 1170 8411
3 5944 219 1137
3 6304 1656 5621
3 7693 3265 2453
3 9338 3817 3933
3 160 2754 3491
3 1271 828 6035
3 3506 6520 6096
3 6774 2406 7491
3 8640 159 6414
3 1212 6671 7121
3 1313 8789 9230
3 2234 4746 5523
3 2730 5189 1461
3 3664 472 7786
3 3878 2793 5171
3 5140 1665 4678
3 5702 9948 6831
3 6560 7117 2068
3 6739 3783 2444
3 7815 2268 4196
3 8573 3038 1172
3 1086 6432 7903
3 1653 2136 9134
3 3439 845 8618
3 4308 1624 3262
3 5276 5770 2781
3 7123 1781 3131
3 8994 8987 8316
3 558 2554 1867
3 753 1836 7400
3 906 4630 2390
3 3097 8539 3381
3 3578 5586 8464
3 4255 2987 8716
3 5397 796 279
3 6063 2065 2951
3 6581 9502 9575
3 7931 5966 3442
3 9029 6636 3300
3 9679 4932 9901
3 381 9194 6261
3 550 4894 6595
3 1127 7501 2722
3 1480 8633 990
3 1488 2852 610
3 2289 6529 2711
3 3782 7898 4918
3 4136 893 1627
3 4599 6586 6417
3 4818 3445 5132
3 5234 2464 5398
3 5426 3085 1184
3 5598 2376 3411
3 5903 2184 7233
3 6023 6132 1638
3 8084 7675 6180
3 1093 8759 7110
3 1783 217 2326
3 2621 8694 3401
3 2775 8049 3929
3 3888 6373 5064
3 4613 249 4529
3 5246 1208 1716
3 5253 9941 6227
3 8166 2173 4088
3 8793 1928 2560
3 9759 3539 4479
3 133 9534 669
3 1404 3017 7664
3 1814 3216 7969
3 1985 4669 5391
3 2334 8525 1899
3 2731 8842 207
3 3334 4544 9356
3 3965 4628 3744
3 4094 4193 2750
3 4910 7907 4487
3 5736 5599 1120
3 6517 3580 2057
3 6953 2480 1130
3 7309 1646 1935
3 7684 3312 6958
3 7788 7177 7065
3 218 2022 1299
3 1221 7608 157
3 1801 4538 8015
3 2281 9882 8665
3 3584 757 304
3 3721 3313 3076
3 5313 9535 163
3 5577 4882 4163
3 5917 8934 545
3 5972 7134 5122
3 7925 7672 9754
3 8165 2011 4428
3 401 6812 2947
3 651 356 199
3 1904 865 728
3 3862 6307 2567
3 3927 3186 7695
3 5104 8273 5429
3 5370 5514 7096
3 7371 3353 7274
3 7388 2179 6068
3 7980 5481 4149
3 9200 5725 2463
3 9660 8068 3610
3 89 3893 894
3 934 2835 9846
3 1292 819 862
3 3124 108 8409
3 3947 3115 7502
3 4981 643 2227
3 5594 3753 7216
3 7289 3006 4468
3 8638 6897 1958
3 9770 2805 3541
3 144 4789 5663
3 292 2564 6497
3 771 9152 1870
3 827 7019 3178
3 977 1277 5550
3 1683 5345 6513
3 2087 6213 8886
3 3424 1652 7223
3 3521 784 425
3 3807 7298 4646
3 5511 186 6770
3 6259 3438 1209
3 6405 2418 316
3 7043 4143 867
3 7902 5612 6973
3 8268 241 8534
3 8584 3536 5848
3 9156 5952 4355
3 9209 9647 5718
3 930 7948 1495
3 1138 3798 4842
3 1469 9172 1227
3 2050 9553 5192
3 2990 7795 226
3 4833 1376 8776
3 6409 1615 6425
3 6805 9885 6331
3 7744 6904 2841
3 8732 2201 7642
3 9089 9863 2239
3 9140 2577 3712
3 9670 5573 9329
3 288 6484 9179
3 618 347 4634
3 691 5611 1700
3 1331 9870 1971
3 3941 719 189
3 4553 7349 7640
3 5804 7229 4693
3 7014 5254 1685
3 7553 3917 9785
3 7962 128 9367
3 8709 8310 1661
3 8853 7799 5741
3 9860 287 3208
3 4337 8309 8298
3 4392 9862 1574
3 4948 5206 6541
3 6301 7546 5658
3 7163 6253 1788
3 7544 4290 1841
3 7878 8103 9876
3 8502 9314 2012
3 9225 3213 6629
3 9491 5409 5825
3 616 1909 378
3 2288 6692 733
3 4226 5316 2451
3 4714 1099 8347
3 5060 7541 1403
3 5182 8493 4709
3 5329 441 6087
3 5578 1119 863
3 6387 7580 2344
3 8645 2586 2152
3 8870 1868 5294
3 9100 1284 2163
3 9406 1563 3425
3 9710 2356 291
3 1809 9954 2878
3 2563 6457 7091
3 4508 6456 6279
3 4598 7434 8686
3 5424 4 9323
3 5534 8379 8960
3 6796 2470 5183
3 6814 1105 509
3 7087 1494 9590
3 8141 5148 1799
3 8740 1188 349
3 8941 4621 4403
3 9232 958 7333
3 9617 4939 782
3 348 8412 1180
3 769 1732 5410
2 800 200
2 1479 8875
2 2318 1196
2 2435 9372
2 2689 1074
2 3209 1046
2 3812 4996
2 4791 1133
2 5510 258
2 5771 4344
2 5958 7479
2 6620 4675
2 7556 9346
2 8564 1335
2 9158 4633
2 9423 7251
2 9570 2324
2 9582 7753
2 383 2384
2 789 1679
2 4518 7441
2 4726 318
2 4906 1235
2 4986 7835
2 6125 1987
2 6748 5379
2 7365 8321
2 8771 6407
2 9555 2386
2 415 3292
2 633 203
2 1131 4461
2 1949 7965
2 4211 9205
2 6701 9737
2 6917 5356
2 7060 3639
2 7140 5343
2 7459 6635
2 7758 9807
2 7946 9701
2 8064 922
2 8086 8461
2 9819 2541
2 361 4664
2 703 2715
2 831 2035
2 1230 3247
2 1993 5005
2 2382 5327
2 2550 8985
2 3327 741
2 3784 2942
2 3859 268
2 3860 1135
2 3949 9742
2 8080 9186
2 8282 2373
2 280 9717
2 388 9533
2 405 4734
2 693 1918
2 935 6233
2 1323 376
2 1611 342
2 1818 2498
2 2483 4810
2 3821 5779
2 5694 4950
2 6843 8406
2 7507 6420
2 7669 9724
2 7807 6647
2 8726 7992
2 9999 811
2 227 8955
2 1111 69
2 2378 1029
2 2579 9604
2 2789 6085
2 3394 8731
2 3787 4369
2 4254 9342
2 4330 1554
2 4632 7706
2 5051 7667
2 5699 1897
2 5833 984
2 7307 8725
2 8410 5073
2 8784 4978
2 8970 6371
2 9102 794
2 9663 491
2 662 7069
2 983 7636
2 1553 9282
2 2086 9557
2 2311 3794
2 2405 7627
2 3386 1206
2 3389 3008
2 3922 652
2 4107 2427
2 4979 9977
2 5844 8164
2 5977 2172
2 6500 3466
2 6983 3474
2 7791 7399
2 8523 3199
2 8791 9632
2 9636 7092
2 173 6678
2 2030 8602
2 2410 5840
2 2508 5883
2 2676 5979
2 3385 5413
2 3827 4032
2 4371 6480
2 4425 917
2 5177 7408
2 6158 7736
2 6434 4535
2 7322 7264
2 8374 7393
2 8491 4220
2 9148 9963
2 9162 4214
2 9644 9362
2 409 5266
2 621 2503
2 872 6242
2 1534 3144
2 1992 4435
2 2825 8758
2 2883 3225
2 3756 8613
2 3819 7093
2 3866 3227
2 4273 7097
2 5187 179
2 5885 8857
2 6254 6654
2 7340 2747
2 7820 1045
2 8136 8778
2 8872 148
2 9773 9775
2 195 118
2 821 184
2 1063 303
2 1329 5470
2 1415 1142
2 1439 2330
2 1705 209
2 1969 3530
2 2934 4577
2 3267 5210
2 3799 7243
2 3935 6841
2 4323 6234
2 4651 5340
2 5399 6187
2 5643 8311
2 5957 2425
2 7228 4890
2 7712 7639
2 7832 9415
2 9609 605
2 312 478
2 435 1831
2 437 1614
2 483 6675
2 508 4807
2 901 9787
2 1610 4224
2 1731 7086
2 2166 9749
2 2803 111
2 2873 8038
2 2884 8224
2 3058 8780
2 3620 8961
2 4103 9264
2 4237 6077
2 4260 9218
2 4356 3476
2 5045 2500
2 5167 9327
2 5265 1972
2 5361 482
2 5853 1517
2 6174 7172
2 6499 8570
2 7033 2771
2 7165 4523
2 7276 5747
2 7547 5350
2 7938 5983
2 8728 5993
2 8879 6156
2 9159 7590
2 194 4972
2 987 1654
2 1305 3636
2 2996 8395
2 4372 781
2 4758 6853
2 4822 7075
2 4860 6411
2 5508 4470
2 5745 7588
2 6901 4899
2 7416 5483
2 7793 2556
2 7915 7561
2 8142 5557
2 8507 7741
2 8535 7847
2 8770 1496
2 9011 274
2 9070 9436
2 9822 2170
2 192 256
2 596 3685
2 2206 230
2 2769 9556
2 3082 8144
2 3879 7942
2 3984 5504
2 4732 6902
2 4891 3635
2 7059 2110
2 7427 3044
2 7789 8117
2 8786 4845
2 8877 5727
2 9380 6429
2 729 4098
2 1728 1350
2 2520 4063
2 3189 9571
2 3777 8500
2 4175 8542
2 4285 8698
2 4376 5067
2 5107 1625
2 5279 3493
2 6128 9931
2 6141 1006
2 7098 424
2 7578 1634
2 7856 1696
2 7883 1513
2 8114 3717
2 8361 2298
2 8405 121
2 8417 3059
2 8975 3108
2 9421 795
2 908 6559
2 1485 4876
2 1695 2272
2 2485 4333
2 2512 8002
2 2808 4232
2 2812 3307
2 2974 5938
2 3716 1937
2 3727 4427
2 4724 5617
2 4952 7550
2 5696 6682
2 5906 8159
2 6308 8556
2 6614 8011
2 8061 9301
2 8135 1226
2 8244 9357
2 8272 9457
2 156 1703
2 2039 1622
2 2098 9498
2 4699 1166
2 6177 4262
2 6720 428
2 6833 5754
2 6937 9793
2 7045 1283
2 7077 7030
2 7187 81
2 7483 9736
2 7606 5907
2 8009 7730
2 8075 1171
2 8462 8110
2 8530 9007
2 9031 311
2 61 833
2 507 1275
2 574 9126
2 1177 6293
2 1749 3023
2 2271 7929
2 2532 4913
2 2602 2900
2 2827 8868
2 5213 8045
2 5304 3205
2 5533 7533
2 5870 4770
2 6265 6098
2 6428 5472
2 6545 6617
2 6607 1917
2 7017 1501
2 7864 3993
2 8220 7022
2 8561 1149
2 8797 7248
2 8880 1824
2 682 6075
2 866 668
2 1326 959
2 1753 2447
2 1804 1191
2 1984 7068
2 2231 7067
2 2657 4830
2 3053 3534
2 3690 4923
2 4297 5281
2 4440 2393
2 4588 6393
2 4966 5693
2 4980 6533
2 5023 5008
2 5158 7523
2 5260 4591
2 5262 5377
2 5382 406
2 5783 7453
2 6026 7129
2 6971 7404
2 7337 3286
2 8494 6237
2 8635 4843
2 9686 4793
2 538 7139
2 803 3169
2 903 5632
2 1789 3803
2 2252 7514
2 3268 7367
2 3469 4571
2 4305 6040
2 5480 5640
2 6539 7833
2 6551 6643
2 6998 4911
2 7138 2899
2 7292 8541
2 7682 9189
2 7711 7985
2 7830 9411
2 8190 3416
2 8441 8085
2 8473 7000
2 8850 8924
2 9296 659
2 9521 238
2 9910 9548
2 9932 2280
2 182 9311
2 1307 3154
2 1762 4048
2 1932 2026
2 2310 3454
2 2357 5809
2 2583 5838
2 2673 582
2 3266 7584
2 3361 6195
2 3846 6290
2 5585 5430
2 5910 9823
2 6021 7852
2 6257 2645
2 6412 5100
2 8555 658
2 8592 9204
2 8968 9270
2 603 9861
2 2138 9554
2 3705 180
2 3854 9146
2 3963 2546
2 4019 6334
2 4060 3994
2 4283 6031
2 4453 4209
2 4851 1316
2 4893 6199
2 5010 1612
2 5900 6391
2 5926 972
2 6519 7890
2 6799 7504
2 6848 7102
2 6859 8034
2 7281 9720
2 7688 8118
2 9042 341
2 9044 3591
2 9577 9825
2 9698 422
2 25 8554
2 224 3645
2 275 2980
2 452 2154
2 698 4132
2 921 886
2 1190 3523
2 1770 2010
2 1878 4581
2 2385 5227
2 2664 7782
2 2928 6163
2 2961 1134
2 3382 999
2 3611 6454
2 3810 6119
2 4236 9933
2 6222 533
2 6961 911
2 7071 1777
2 7574 6509
2 7658 1374
2 8001 1302
2 9297 379
2 9914 4821
2 27 7222
2 54 1964
2 319 2656
2 468 3619
2 526 6283
2 746 5108
2 1775 412
2 2153 3990
2 2662 5539
2 2709 8757
2 3696 1880
2 3719 7183
2 4009 1873
2 4691 7005
2 5538 7488
2 5828 4705
2 6185 573
2 6592 4556
2 6862 575
2 6923 1148
2 8000 2192
2 8231 3201
2 8334 2038
2 9059 1664
2 9101 3301
2 9229 9150
2 9972 9336
2 1667 3843
2 2525 4450
2 3156 4832
2 3413 4483
2 3754 4525
2 5386 5681
2 5549 5338
2 5635 5682
2 6491 4973
2 6516 2279
2 6772 5619
2 6850 6549
2 7011 3464
2 7261 9055
2 8109 322
2 9024 5778
2 1087 5029
2 1237 2858
2 1308 883
2 1725 1954
2 2758 5014
2 3383 5406
2 4034 2202
2 4174 3259
2 4252 1766
2 4520 3662
2 4987 3602
2 5257 9164
2 5697 4762
2 5859 1147
2 5949 4062
2 6792 2431
2 8098 2083
2 8318 9833
