42 38
55 87
63 18
37 7
87 28
96 41
1 0
90 86
4 40
20 39
20 43
97 41
18 26
3 63
57 91
55 83
67 75
49 71
18 63
80 14
61 88
94 61
65 83
13 7
42 60
74 31
15 47
6 67
91 95
23 45
20 23
23 23
59 91
67 82
44 53
97 4
43 54
11 67
92 15
29 39
96 63
78 81
3 16
8 55
40 7
8 81
43 29
62 90
34 72
7 22
15 6
21 47
44 49
93 79
23 43
24 47
65 88
4 68
42 59
72 88
26 36
57 53
89 28
82 81
44 59
0 51
94 94
45 52
10 55
5 40
63 98
7 63
22 43
74 27
71 75
21 43
14 68
88 11
93 11
10 46
26 30
55 89
95 95
25 43
80 75
92 28
56 3
9 68
2 27
24 39
73 77
65 58
45 54
28 44
14 61
1 95
13 37
46 8
61 49
19 68
29 36
27 73
48 59
85 65
82 85
68 91
89 75
44 29
46 54
63 3
68 78
3 5
81 14
85 34
75 75
7 27
59 89
97 79
98 61
88 27
25 45
5 94
62 89
47 29
18 6
1 29
82 40
35 51
2 97
7 40
57 87
73 20
5 5
23 56
86 14
45 60
49 60
97 34
79 9
73 98
2 33
71 76
21 23
73 83
14 5
4 63
74 16
24 45
64 90
69 98
80 76
64 89
73 17
66 58
47 50
74 2
21 61
24 37
53 73
1 35
83 85
19 46
88 49
97 64
59 83
19 5
12 22
35 45
89 40
46 28
41 1
12 8
97 95
98 11
48 30
29 56
39 72
23 25
26 74
14 97
32 23
34 56
35 72
56 73
63 49
94 79
59 87
48 29
73 89
45 47
40 74
31 17
98 41
91 27
80 77
76 2
95 6
75 16
49 59
56 8
72 70
80 56
43 19
89 85
47 54
48 74
54 69
94 9
95 79
33 43
17 48
94 86
10 28
68 88
34 11
46 49
68 83
27 61
33 75
50 60
40 51
36 44
68 90
19 24
63 53
93 5
0 87
7 93
4 97
86 2
61 8
24 46
63 19
23 8
6 28
10 63
2 80
22 6
55 33
13 81
22 92
88 84
67 10
65 73
72 69
34 17
64 3
48 52
23 26
0 96
65 87
31 36
80 98
73 55
45 55
65 53
96 84
32 92
71 90
71 78
54 59
5 27
25 47
37 30
44 1
89 49
72 87
21 55
92 34
29 44
95 40
74 98
19 67
54 74
22 23
22 48
0 53
22 46
1 96
31 63
23 24
86 85
94 4
0 12
82 76
3 95
1 12
65 33
54 71
92 81
79 81
74 70
87 50
67 73
55 69
0 65
35 43
77 31
68 75
44 33
31 56
4 0
49 54
65 89
71 33
13 94
2 96
85 31
28 23
15 37
0 82
9 40
25 37
96 28
25 26
18 9
73 78
50 8
30 44
69 8
97 27
46 17
17 93
15 40
2 12
30 74
24 48
88 65
69 58
32 36
23 13
30 56
73 82
46 38
71 53
89 57
78 89
89 50
74 20
11 93
22 5
75 58
26 47
86 65
15 93
64 98
88 81
28 26
69 91
50 30
13 8
39 30
35 47
91 75
7 30
26 13
25 56
36 63
4 42
10 29
82 70
67 58
17 81
12 96
49 50
10 62
26 45
70 98
13 62
98 14
15 62
98 79
76 83
49 29
12 63
30 47
28 25
82 89
39 39
8 29
84 56
74 78
51 8
88 58
77 33
11 29
8 22
22 81
32 17
63 83
18 40
92 31
0 64
43 72
41 81
19 40
59 33
68 87
41 39
15 22
45 19
14 96
50 52
71 82
16 97
8 42
22 93
26 23
19 93
72 18
45 51
54 73
5 68
33 68
6 80
65 59
54 49
97 56
18 55
84 76
11 97
29 6
58 17
95 61
91 31
21 46
77 2
9 16
30 36
1 82
32 75
6 68
36 92
90 50
30 23
76 90
5 96
43 60
36 51
36 56
45 49
0 10
72 19
75 87
48 11
29 45
0 57
86 20
91 84
66 3
5 95
52 59
27 47
17 97
76 70
77 87
39 43
29 24
16 29
66 53
24 13
15 42
53 76
2 32
95 15
73 75
12 9
42 47
14 80
53 51
53 52
83 14
84 88
43 55
35 11
38 11
91 40
57 69
5 0
1 65
32 45
61 71
10 16
28 73
80 87
55 59
9 12
11 68
87 53
89 34
96 31
33 39
4 41
79 89
62 30
16 40
13 63
60 3
89 65
69 59
54 76
47 72
23 42
76 19
43 7
46 19
32 24
32 13
66 88
38 43
66 73
86 87
53 1
72 33
36 61
62 8
79 70
94 5
81 83
54 51
21 62
88 89
38 92
37 44
16 80
89 55
46 51
25 39
7 41
86 76
38 36
20 32
55 38
93 15
55 1
89 20
20 97
4 65
85 98
53 13
32 46
38 44
5 16
94 78
87 14
70 10
95 75
95 87
98 81
33 13
58 83
47 51
77 10
37 6
96 20
16 28
35 42
76 18
53 29
24 24
91 85
2 64
72 3
77 3
41 43
11 55
52 50
80 10
68 49
55 49
12 0
33 36
95 85
22 32
22 80
92 53
11 63
65 30
55 73
30 48
33 24
82 98
61 59
38 51
20 24
93 83
78 3
0 21
56 59
46 43
1 15
71 71
18 93
74 75
41 36
91 5
25 48
15 41
16 64
11 46
34 68
0 86
87 90
36 23
74 55
39 36
13 29
60 83
31 6
74 89
93 57
48 19
8 63
59 17
16 96
39 46
57 59
27 23
81 18
27 46
23 93
12 29
29 55
73 53
36 17
88 98
73 70
22 9
50 54
79 19
57 13
4 16
51 54
12 95
15 0
83 78
93 81
92 89
31 37
59 3
49 28
31 74
95 27
83 56
33 95
14 16
92 40
98 18
1 57
49 8
62 50
14 95
38 23
36 24
32 47
81 75
62 59
19 8
69 71
17 68
12 55
91 65
48 68
55 13
57 74
39 6
8 16
98 94
66 17
77 75
5 30
26 26
97 94
81 78
33 37
88 3
14 8
3 21
51 59
65 74
94 81
92 2
95 94
7 21
95 86
96 65
61 55
85 76
98 57
26 43
15 68
66 90
39 37
3 64
89 76
18 41
71 8
9 94
70 59
24 81
56 1
75 53
34 37
51 72
50 17
94 58
84 18
52 17
42 92
53 38
88 31
31 46
78 69
32 37
53 92
83 77
65 50
55 55
72 75
41 74
40 44
78 83
47 17
12 93
70 3
68 3
47 23
79 83
21 97
81 98
94 10
18 21
70 13
81 77
20 94
97 65
26 64
25 5
40 42
40 24
45 45
79 82
8 80
41 7
0 66
56 89
14 81
38 6
71 58
43 68
86 31
13 46
81 19
37 45
72 71
13 55
3 15
52 19
1 85
16 0
30 97
52 38
94 28
29 48
9 96
1 87
83 2
36 81
6 82
72 10
85 33
74 91
14 21
75 31
35 76
22 22
7 97
62 55
68 53
3 82
93 34
57 52
24 93
5 82
54 17
81 2
39 5
21 42
4 95
82 18
87 91
84 40
58 69
98 4
36 36
72 59
4 64
24 67
79 58
83 98
20 63
0 76
25 23
31 45
97 85
92 27
86 33
53 72
90 53
46 92
4 35
83 81
39 76
3 31
85 56
54 13
9 97
23 64
80 78
47 81
91 19
59 53
25 24
4 27
26 40
5 63
2 28
40 13
41 24
0 58
25 92
12 67
14 55
18 0
14 94
92 3
28 43
31 47
37 97
73 10
44 38
12 94
20 29
48 7
50 12
1 66
58 39
34 48
26 37
8 95
38 26
65 19
12 68
24 55
33 92
67 87
43 24
69 73
29 96
6 87
80 3
50 59
14 65
52 45
48 8
30 93
36 68
7 15
66 59
22 47
75 13
94 33
80 89
36 37
10 97
67 88
16 47
96 95
26 75
20 80
22 29
77 78
75 78
91 14
28 76
34 92
68 82
19 55
47 24
73 33
45 44
52 8
3 85
83 89
18 16
51 39
53 60
51 7
65 72
1 86
20 93
6 79
64 18
12 64
64 60
55 71
41 45
7 65
87 76
90 84
41 26
44 46
96 75
8 97
81 13
18 80
44 97
89 83
62 73
88 51
83 20
50 43
75 49
32 63
37 96
7 94
25 62
95 10
0 11
4 4
60 39
97 87
97 15
61 52
40 37
19 9
86 34
7 96
53 12
42 23
82 77
43 47
17 64
52 74
18 10
43 76
6 27
52 46
85 81
80 31
5 4
54 19
93 77
38 97
23 96
42 61
53 43
43 74
67 17
35 23
32 48
58 53
24 25
29 25
3 86
7 85
30 68
56 49
40 6
47 92
50 46
95 83
16 68
28 48
97 58
13 22
32 26
48 49
69 3
62 17
26 25
84 77
29 0
75 73
16 5
22 68
78 8
29 40
15 28
77 53
89 58
55 76
32 62
47 11
70 82
3 84
5 15
72 58
41 6
65 51
9 22
58 23
23 80
83 75
89 69
47 97
92 6
90 18
77 70
93 90
46 36
9 57
87 87
98 85
89 14
6 16
36 11
84 75
78 19
26 80
50 19
41 62
68 17
35 37
26 39
1 76
11 16
4 28
6 15
43 95
49 92
16 15
41 63
46 37
21 24
49 61
23 81
40 22
56 83
85 30
95 98
6 66
23 32
70 90
82 21
51 71
26 6
93 51
23 16
85 18
6 97
12 15
22 21
48 38
53 97
45 1
48 6
35 48
89 18
21 87
27 45
8 15
49 49
38 7
29 43
30 94
66 51
59 7
49 17
81 53
8 94
22 8
42 42
23 21
94 13
18 29
9 66
15 95
62 12
58 97
47 19
77 90
76 75
37 37
88 90
43 5
24 16
92 51
44 26
26 15
54 52
58 59
76 89
96 13
93 2
69 74
21 16
86 88
28 67
88 87
41 68
69 97
81 17
22 10
95 5
49 68
82 78
86 81
63 72
34 23
25 93
40 39
75 82
15 35
61 73
42 68
5 31
87 17
51 47
16 6
52 54
35 25
87 81
67 50
53 68
62 7
8 85
34 0
48 24
79 49
89 84
51 38
54 43
61 38
39 56
45 36
9 95
27 67
91 50
22 55
20 16
3 80
48 51
63 52
85 53
34 40
44 7
56 24
20 8
15 85
74 76
76 76
50 29
32 6
45 46
2 19
2 54
29 35
36 55
37 13
22 62
96 81
94 11
32 32
27 29
6 54
53 24
27 42
58 33
42 48
10 22
53 26
18 11
33 47
57 29
97 2
42 25
35 17
76 58
44 42
90 98
19 10
33 74
32 93
47 43
57 43
70 73
62 83
85 85
24 86
23 92
91 76
15 63
27 48
79 90
70 74
53 37
32 67
48 62
32 94
62 26
39 0
20 28
63 8
19 16
30 6
87 20
74 33
54 26
40 45
49 96
44 19
83 9
12 16
52 25
65 18
58 71
77 88
47 36
67 98
92 19
56 25
63 30
24 40
28 30
29 80
62 91
6 76
49 5
82 83
27 65
39 92
37 68
53 50
57 96
54 61
32 80
55 52
30 29
82 82
26 62
35 46
80 58
24 87
75 77
51 29
87 54
33 55
48 23
78 13
20 9
70 83
81 89
78 53
45 7
5 85
33 45
52 44
59 60
11 82
60 74
50 74
10 40
14 66
49 23
55 68
57 37
96 82
7 84
33 63
96 77
78 70
49 37
91 55
21 85
21 40
60 1
16 8
40 40
96 14
64 7
82 10
8 34
63 1
76 98
72 53
74 3
88 50
12 42
7 64
18 82
1 10
30 25
91 53
28 16
57 7
83 88
77 83
90 91
15 8
22 65
69 78
47 67
16 66
23 28
53 44
54 50
43 25
23 22
27 81
49 38
X
22 94
93 76
94 2
59 59
60 69
15 15
X
63 26
21 11
20 65
13 85
25 86
45 33
29 65
88 78
93 70
48 97
49 74
36 95
51 76
44 25
70 60
98 87
14 63
37 63
40 36
41 44
80 70
78 87
87 98
71 51
12 54
44 0
17 11
79 73
1 91
36 25
50 6
57 45
35 41
51 74
9 34
76 17
51 96
3 96
53 39
24 21
19 66
97 8
88 8
50 71
5 86
8 35
58 37
34 13
28 5
3 66
8 31
35 94
76 51
35 36
40 67
98 89
80 33
4 78
79 20
68 50
41 94
84 8
87 83
89 52
0 59
62 71
79 33
54 72
88 88
65 52
36 26
44 94
54 7
X
77 16
25 22
42 11
35 56
82 14
1 90
93 55
35 13
78 58
27 5
34 26
4 80
29 26
1 58
45 29
97 17
72 52
66 52
87 31
16 22
25 41
96 10
26 32
63 44
44 28
82 3
95 31
4 15
66 26
71 59
68 12
97 3
92 5
51 48
23 68
25 80
5 64
27 28
78 16
3 29
21 63
54 24
45 96
37 41
6 78
12 79
57 55
44 40
93 82
26 79
71 74
6 63
94 19
38 13
21 9
44 68
29 22
29 73
31 97
93 33
32 65
64 62
95 55
34 25
66 91
54 6
33 81
41 47
78 90
89 90
36 80
73 88
3 33
24 43
91 70
35 93
25 66
73 97
81 49
1 18
9 41
62 38
4 82
5 3
8 79
80 49
39 23
51 55
38 45
8 86
29 28
64 38
44 24
74 88
46 45
9 79
53 67
19 79
97 40
6 10
49 52
13 96
82 19
6 41
21 41
30 46
48 13
35 24
4 19
81 31
30 77
54 37
44 62
81 70
40 56
74 82
45 94
83 59
49 44
53 23
72 74
52 81
90 30
45 59
84 33
95 90
53 0
4 87
17 80
70 72
97 53
10 66
15 11
77 71
80 26
54 44
14 93
48 44
22 15
87 78
85 40
91 51
9 35
86 77
60 55
53 36
96 70
79 13
84 70
63 43
41 93
30 16
8 28
19 81
46 7
12 82
66 19
39 26
96 19
15 79
37 42
42 80
58 60
34 74
5 65
66 89
16 86
17 8
46 1
48 42
60 92
67 52
49 51
26 55
71 49
82 91
27 79
79 78
0 20
24 85
67 38
37 62
55 25
10 41
81 26
0 70
45 62
51 5
33 80
64 26
36 16
51 95
17 79
85 13
15 86
82 13
25 29
5 91
67 71
20 11
78 50
73 74
49 36
5 41
66 7
48 54
30 22
14 85
96 86
82 75
70 61
16 35
20 81
84 20
13 11
42 44
66 30
96 27
37 93
81 73
35 80
98 86
52 16
63 55
83 3
70 12
16 95
32 15
37 16
10 85
3 90
46 80
96 30
5 19
55 24
50 49
19 65
64 17
2 18
4 86
72 73
36 22
42 79
42 74
23 82
25 67
88 14
7 78
71 73
50 38
47 22
33 94
16 79
92 88
66 72
18 54
36 93
69 1
85 75
75 98
38 63
96 76
23 94
25 6
19 15
12 78
69 50
81 10
17 22
33 65
59 72
54 54
48 47
36 65
33 79
57 92
83 10
14 57
60 0
49 7
40 48
93 20
25 46
17 28
39 47
82 51
60 37
55 51
45 11
37 81
46 96
54 94
28 61
92 85
61 74
83 69
43 63
61 17
76 12
39 67
28 75
70 68
79 50
13 93
24 34
60 68
53 19
26 22
72 76
18 64
1 70
32 86
1 88
36 67
0 77
96 90
41 37
95 9
58 68
9 85
56 45
22 85
73 76
52 5
65 96
53 54
83 90
16 16
12 66
72 68
98 65
81 33
78 78
93 88
6 12
51 49
89 91
42 62
74 17
69 7
2 58
27 66
67 59
62 6
59 74
76 16
58 6
41 65
28 64
69 44
56 51
68 10
46 59
45 32
81 74
49 19
8 4
47 37
57 3
84 3
73 58
60 24
58 3
49 97
81 58
45 63
7 16
48 92
36 39
55 26
68 38
82 17
86 40
56 26
63 17
83 73
76 49
7 91
9 15
93 53
48 72
90 59
75 38
36 94
54 12
69 62
5 58
20 15
57 83
72 96
11 28
32 16
49 24
51 60
73 72
31 55
84 59
76 13
59 48
46 61
25 35
68 71
34 24
19 82
44 5
47 47
10 91
8 78
48 22
71 1
76 72
47 39
19 64
28 46
79 69
49 72
38 46
52 92
21 22
24 23
57 44
15 78
13 15
89 74
47 42
29 82
27 62
66 25
8 65
13 95
7 86
42 37
58 25
67 37
65 71
X
55 47
5 18
83 8
6 58
59 37
96 83
78 21
98 74
14 15
81 1
83 17
98 13
32 66
74 1
75 55
1 77
43 23
58 16
82 26
17 9
64 8
32 28
20 57
37 17
67 83
8 64
3 35
32 79
83 74
7 90
48 39
62 74
58 96
37 79
22 63
86 19
53 48
5 88
9 86
33 22
23 15
44 61
30 35
38 16
41 56
46 29
3 87
9 58
53 47
89 98
69 6
56 5
72 13
50 50
89 77
81 72
82 49
28 85
47 8
54 97
53 93
71 89
56 48
33 23
87 1
92 82
74 6
46 44
9 78
57 6
98 53
54 0
7 32
66 24
56 38
39 86
37 94
83 13
1 11
21 67
9 84
22 67
66 96
46 81
56 71
81 6
23 84
31 0
34 79
52 24
91 57
17 41
61 94
38 42
63 91
52 47
55 43
43 92
80 69
44 63
16 91
95 49
12 4
26 46
15 54
78 71
24 29
41 13
13 41
25 81
32 25
19 54
74 48
10 88
2 83
72 7
38 30
98 63
56 46
34 43
54 23
76 50
95 88
31 40
49 94
88 70
45 61
65 23
36 28
7 18
10 86
26 84
75 6
18 22
57 79
0 52
55 50
77 73
90 69
9 64
45 86
44 81
29 46
79 88
82 88
96 33
9 19
24 41
84 17
90 57
30 0
36 43
18 68
70 62
64 37
77 76
86 12
92 4
26 86
24 97
86 6
89 1
71 0
40 76
15 84
55 63
35 84
49 47
18 15
51 17
X
64 71
94 31
52 29
0 9
86 98
49 11
13 84
38 94
11 40
51 68
98 3
33 29
58 52
73 8
37 46
84 51
21 57
94 3
3 34
3 71
47 1
70 7
40 86
44 76
61 16
53 46
10 10
17 66
50 23
46 39
35 66
98 17
46 60
56 43
32 85
34 63
97 84
73 62
38 95
19 35
92 69
32 21
15 66
8 32
29 67
50 56
50 68
2 65
77 68
82 8
39 96
46 76
97 82
6 4
1 9
86 30
3 77
96 9
83 82
9 93
95 1
54 32
57 42
26 10
59 36
34 86
21 10
61 60
20 4
24 35
71 44
85 10
59 63
39 95
62 60
71 25
19 21
27 32
95 58
88 33
96 94
54 39
51 24
40 11
80 97
71 97
62 37
81 21
10 33
8 84
2 87
1 92
79 68
38 25
8 87
12 28
22 41
3 83
56 47
44 95
16 71
20 79
61 46
86 56
65 55
55 7
90 20
50 11
2 35
78 10
67 7
47 80
37 48
91 13
24 9
77 50
91 59
33 46
3 70
54 92
34 28
87 74
17 15
68 52
69 17
45 26
80 25
85 70
24 80
34 81
52 61
67 91
10 12
55 36
40 41
10 57
23 61
35 68
70 43
3 19
26 67
32 64
3 76
48 33
95 82
87 40
79 1
91 1
27 57
40 5
55 94
75 8
42 84
57 62
87 19
22 39
55 39
75 52
83 18
34 55
67 44
3 11
36 46
9 71
48 96
72 44
79 71
84 14
3 18
66 18
29 66
75 89
10 42
50 51
66 6
5 70
78 96
54 47
51 30
8 21
7 58
45 0
78 68
62 36
37 95
71 91
61 1
87 82
3 28
44 41
98 95
29 30
57 24
3 88
41 66
82 69
24 42
95 33
23 65
47 44
84 50
35 29
85 6
75 76
85 82
0 14
37 76
39 55
98 8
6 11
27 43
36 0
19 11
17 35
85 68
47 76
66 48
59 46
32 97
79 7
20 35
75 60
12 33
31 80
0 60
58 24
15 16
58 92
42 6
90 54
25 87
61 69
96 15
63 48
69 25
51 19
76 91
4 2
7 12
31 68
43 48
19 70
81 68
4 20
67 72
6 88
14 33
67 24
65 38
10 82
75 44
40 85
14 84
34 36
37 86
74 59
84 89
57 72
49 39
80 91
74 7
55 80
68 37
91 30
56 41
72 1
36 47
70 52
55 12
22 61
38 86
83 91
45 31
15 61
39 48
69 52
4 21
65 7
39 66
63 45
26 9
24 56
64 12
93 4
47 30
20 82
6 77
63 92
21 66
21 58
88 68
95 11
47 86
20 54
28 47
15 21
47 48
70 26
49 62
61 93
1 60
59 6
79 59
3 57
68 43
43 22
47 45
66 36
91 69
6 20
11 58
1 59
95 59
13 4
12 21
13 64
30 4
55 54
74 43
37 26
43 79
74 50
1 14
83 87
58 42
67 51
14 90
21 64
24 32
83 49
50 42
17 65
69 24
27 86
47 38
28 9
56 0
4 85
35 32
39 29
8 18
38 48
65 44
4 77
58 47
82 53
32 0
57 71
45 13
20 71
49 81
52 72
92 74
42 77
70 24
64 44
86 10
22 97
31 23
37 11
75 43
59 45
21 4
21 96
91 73
4 11
16 84
89 31
23 54
36 76
84 13
69 82
25 61
67 3
41 5
43 80
97 13
52 15
38 93
37 12
26 97
97 10
5 83
41 46
25 4
2 9
49 63
21 39
65 92
4 66
31 67
98 2
76 88
25 58
82 68
12 85
57 25
15 87
88 13
86 9
90 77
57 63
6 2
42 94
61 23
55 44
67 16
5 14
78 1
47 12
62 69
18 8
6 75
90 34
21 12
23 58
15 20
85 59
X
98 88
81 56
50 61
79 21
78 24
92 33
84 81
41 55
56 44
81 88
79 16
69 36
27 30
56 63
94 82
57 94
74 49
49 66
62 72
11 19
36 41
46 63
34 22
2 89
48 63
30 57
88 26
34 64
41 23
2 76
74 97
10 76
79 0
83 0
58 72
17 58
49 22
84 72
94 69
6 70
96 51
7 77
57 46
48 81
63 93
64 48
94 57
12 77
81 87
71 12
33 32
50 63
44 14
X
69 46
68 94
7 20
5 89
38 66
79 3
64 39
16 41
63 94
24 15
42 65
84 36
73 38
76 60
35 74
8 5
30 5
85 78
75 88
44 13
25 40
25 21
17 18
87 34
56 81
74 62
29 76
56 36
78 2
11 41
50 47
42 56
63 71
11 85
16 54
8 67
X
77 52
56 80
78 52
45 92
73 19
54 48
66 45
53 11
23 95
82 52
60 61
34 80
91 26
51 80
88 91
26 81
23 41
30 84
87 71
89 68
43 67
19 22
14 14
79 31
86 13
65 37
45 25
21 78
54 41
51 52
21 8
66 74
3 54
30 21
78 47
68 25
7 29
30 54
56 68
53 42
78 30
38 79
53 84
92 12
12 87
10 19
58 63
78 17
74 74
64 5
70 55
75 1
6 35
57 12
56 95
91 74
3 74
7 95
52 96
29 47
92 13
37 35
22 40
77 55
52 48
3 59
38 96
44 34
61 37
51 43
96 59
85 19
36 48
86 24
12 71
73 13
2 60
13 35
40 32
38 57
23 55
37 34
75 7
52 95
36 84
29 5
46 46
94 89
82 38
27 4
42 86
62 16
84 52
87 56
3 97
94 34
4 34
60 6
7 88
71 46
58 55
97 55
43 64
55 62
55 67
38 64
85 55
55 93
72 36
59 61
26 85
71 43
74 30
77 43
46 40
60 63
8 2
4 58
22 57
34 21
25 97
11 64
95 26
41 76
28 4
10 94
5 34
30 28
89 70
79 72
3 7
28 81
62 79
87 0
42 12
59 25
64 63
56 23
81 47
38 32
69 60
57 38
12 76
22 18
66 71
9 59
69 38
84 38
53 86
79 30
23 6
33 21
10 90
78 55
30 34
4 31
11 62
38 67
45 39
42 43
28 62
22 66
70 45
13 70
20 22
40 84
57 5
97 12
13 82
34 45
73 46
91 33
56 6
11 18
51 35
62 46
12 88
92 14
41 11
12 2
68 16
27 40
78 60
86 52
90 40
29 41
24 22
46 65
71 96
38 76
15 33
37 56
4 29
91 18
10 64
14 35
19 19
2 91
36 32
86 70
90 74
51 61
81 16
80 68
66 98
98 40
96 85
19 18
69 48
25 28
64 1
28 18
57 81
21 91
56 39
35 64
96 55
76 30
18 20
47 61
2 90
14 82
14 11
37 14
63 12
1 52
83 1
60 67
59 93
42 66
4 32
56 72
26 87
69 94
42 13
9 83
88 7
93 3
87 16
73 87
54 93
82 16
90 16
38 65
4 88
46 95
92 86
43 84
56 32
51 23
57 68
9 87
19 20
53 66
54 40
9 32
19 95
60 91
54 45
63 42
77 44
15 9
68 23
53 16
98 9
59 55
11 35
81 24
72 61
26 5
27 80
29 18
46 77
70 50
54 11
41 86
63 47
93 12
14 70
48 67
70 89
80 59
97 86
22 91
69 37
31 35
13 9
38 28
59 52
29 79
14 9
66 39
12 86
64 42
3 89
47 95
12 10
38 14
84 69
54 60
35 81
57 41
60 25
48 12
83 70
40 46
2 70
28 79
2 88
14 79
42 93
71 26
20 10
89 97
93 71
61 91
2 66
87 12
88 12
5 42
22 58
87 24
30 87
48 46
53 56
62 80
88 54
43 30
47 63
38 56
55 92
34 57
39 93
55 0
84 25
35 79
39 20
85 44
45 85
75 17
59 29
71 94
80 90
6 33
86 82
18 91
43 61
4 96
2 50
89 38
77 37
44 55
62 24
33 15
70 42
40 95
88 44
90 58
36 87
89 8
65 91
X
4 90
23 91
62 48
14 2
63 79
80 8
17 12
16 9
27 10
72 94
16 55
91 0
95 97
19 6
16 10
38 17
85 43
88 25
70 37
13 21
31 22
58 38
27 15
62 41
30 67
45 68
41 95
25 34
23 18
47 64
61 92
89 16
13 50
40 55
4 84
10 58
17 42
85 72
43 86
8 76
95 71
39 10
32 54
8 54
14 3
76 43
7 33
8 89
26 21
64 93
14 52
76 77
13 10
75 74
42 76
80 12
54 28
54 56
35 40
58 46
72 25
35 57
79 47
57 22
88 43
82 24
59 26
65 93
95 3
46 4
14 77
39 62
24 91
19 42
97 83
26 91
8 77
84 19
50 28
97 70
35 86
57 40
98 70
16 58
87 73
94 76
46 34
52 23
29 77
10 60
33 67
30 45
77 46
59 47
12 65
65 94
39 35
7 76
66 43
20 2
50 86
20 95
21 82
55 84
24 90
12 19
46 48
90 72
56 7
15 88
71 48
96 3
65 63
73 23
10 89
59 11
59 35
1 53
84 37
4 83
33 85
85 37
28 19
7 71
90 56
22 35
21 95
31 75
52 63
24 88
72 38
43 36
7 92
12 59
13 78
55 41
5 17
20 3
86 59
77 58
61 11
33 62
26 34
34 67
91 43
49 64
26 42
73 1
71 42
19 76
64 45
84 98
71 24
47 57
59 84
57 47
97 49
51 92
96 71
39 65
87 13
49 46
6 65
93 24
21 70
87 30
44 93
36 85
48 93
90 38
41 22
45 76
14 76
31 81
87 8
9 14
61 63
26 29
98 30
70 94
75 92
15 90
87 51
90 68
19 91
9 33
75 48
16 77
61 80
14 4
11 53
29 85
61 67
56 56
61 48
93 72
77 48
34 58
90 75
66 23
87 37
56 93
80 55
37 0
22 78
35 0
27 69
61 35
69 49
15 4
64 95
1 69
30 40
47 65
18 90
43 13
28 40
5 12
80 44
75 37
41 21
6 3
88 34
32 88
91 25
35 77
82 58
50 92
48 40
16 61
2 34
60 47
33 93
97 26
15 89
74 63
63 16
96 50
88 24
5 7
94 0
33 82
58 45
94 20
63 24
65 40
66 63
2 52
22 70
5 60
3 53
29 91
56 28
32 91
11 42
3 9
46 56
7 11
83 60
65 60
37 65
48 48
6 60
9 55
65 45
24 92
39 79
58 22
12 58
91 68
60 81
82 56
X
76 59
24 89
62 81
93 43
75 94
38 61
93 73
47 40
23 78
3 10
97 7
84 2
19 77
90 52
72 45
82 1
79 17
29 90
70 29
66 8
40 68
69 5
59 28
23 79
17 78
92 56
4 54
13 19
43 65
80 24
63 37
2 1
38 85
6 29
47 10
30 75
7 68
64 81
55 86
12 12
23 39
18 81
9 77
45 77
66 44
60 62
18 3
72 49
75 22
10 83
8 68
13 18
36 21
32 82
15 69
81 97
89 6
21 54
25 32
96 47
90 24
10 54
90 44
96 1
74 72
60 36
13 91
8 20
25 78
15 14
28 45
19 83
90 97
17 57
11 17
72 0
82 46
37 25
24 82
1 51
48 95
58 40
63 6
23 4
48 79
55 72
71 63
80 48
7 14
89 26
40 96
28 66
39 63
16 70
37 51
86 46
31 16
5 1
80 13
63 46
2 14
32 18
26 77
65 6
95 91
40 0
58 81
90 1
71 29
19 7
46 11
68 47
26 70
23 57
66 81
21 31
X
95 57
22 33
39 64
53 63
22 31
90 14
75 61
69 39
64 43
50 64
98 12
45 12
98 34
34 82
85 23
49 4
66 55
26 48
79 38
13 60
35 22
95 43
46 13
3 69
10 27
24 58
84 60
30 42
34 46
2 25
90 43
64 11
49 67
31 66
38 82
67 95
15 18
66 94
76 42
81 69
92 30
20 40
85 74
68 26
16 4
19 90
77 60
89 82
18 14
15 76
65 12
48 57
36 29
22 2
86 78
13 71
98 10
74 58
11 12
67 23
21 76
55 11
95 69
16 53
12 91
49 65
35 28
5 78
68 72
65 81
56 65
16 21
40 14
25 68
60 33
65 5
37 43
56 15
34 87
76 20
49 42
37 22
59 68
69 23
50 57
91 72
60 26
95 53
38 62
38 29
48 76
85 91
49 45
4 13
78 59
84 91
74 25
17 19
77 36
44 36
94 68
93 68
78 36
25 85
94 25
89 37
67 53
10 75
87 6
13 75
2 30
25 82
16 27
46 79
83 12
16 14
91 97
85 22
73 25
93 89
86 43
94 72
22 4
72 39
87 96
79 44
91 38
76 36
75 71
62 40
95 2
79 62
67 30
62 47
35 88
30 20
44 30
91 71
78 45
X
54 84
73 29
70 48
3 51
76 1
26 66
1 13
18 18
92 44
80 50
95 37
24 4
81 92
68 29
14 28
29 57
53 7
1 98
93 13
37 32
14 59
14 62
30 79
73 45
74 10
74 18
42 57
6 74
66 60
X
49 93
29 29
76 63
90 31
8 74
70 63
40 20
93 54
65 32
8 75
88 46
27 2
14 54
23 69
45 42
8 90
15 2
15 52
86 44
94 54
96 72
52 65
78 38
31 31
23 60
90 60
52 62
5 29
23 3
23 71
8 11
49 13
2 51
62 11
40 35
87 18
51 57
79 60
11 75
70 5
32 78
13 27
13 88
68 60
21 27
58 94
52 30
5 98
45 95
74 61
17 75
40 82
29 74
83 48
39 28
13 58
67 32
4 30
95 44
83 97
55 28
34 18
47 46
64 46
20 20
71 38
81 8
73 71
7 5
37 47
56 84
93 74
25 27
15 12
87 88
96 78
55 60
85 38
95 48
63 36
9 90
6 51
82 9
82 42
49 76
33 27
57 28
85 8
57 64
54 15
77 20
57 32
60 17
58 66
55 61
29 3
81 12
74 19
27 84
46 62
34 39
47 85
5 50
74 23
68 55
15 82
38 21
14 50
86 8
43 39
56 79
50 37
86 74
37 28
6 52
68 63
9 2
39 80
77 72
41 27
91 82
73 51
7 3
78 12
97 91
0 72
47 41
25 77
44 79
62 65
97 72
4 33
89 81
2 26
68 81
54 29
3 49
64 80
9 76
54 57
49 78
19 89
69 26
15 70
2 13
33 48
28 69
28 22
63 64
58 15
6 9
6 53
53 95
21 93
62 29
67 79
93 30
0 45
44 32
69 67
31 42
86 45
40 16
37 20
58 43
90 23
94 6
16 78
77 12
90 13
52 4
34 15
42 39
57 84
14 27
95 0
4 59
11 60
8 66
48 66
83 6
44 11
9 3
71 10
73 61
65 11
6 7
68 79
15 50
47 66
59 73
14 58
35 9
50 13
15 60
7 98
8 9
28 32
96 38
56 61
95 68
92 59
59 57
74 46
22 16
15 7
81 55
45 81
10 87
22 54
70 58
12 97
75 79
52 64
17 60
9 18
91 6
68 30
80 71
52 49
67 8
64 24
2 72
5 9
2 38
X
26 31
14 60
67 40
58 67
59 22
26 82
7 17
61 84
3 1
44 84
30 55
83 62
26 69
63 86
11 84
45 41
X
97 48
37 67
91 23
41 91
29 89
85 7
95 25
34 32
23 83
23 27
77 93
22 79
94 7
60 66
79 46
25 90
28 41
85 17
81 93
37 21
74 71
50 45
39 77
53 5
11 70
6 83
1 45
78 33
43 11
80 32
38 47
65 4
0 48
79 2
92 43
97 33
38 34
64 66
97 81
20 66
39 85
6 1
74 38
47 79
45 80
86 23
69 35
89 51
X
2 53
10 3
64 64
14 20
10 71
98 54
72 42
81 44
36 15
87 36
95 12
37 85
38 22
52 22
41 40
X
27 31
87 77
28 71
9 21
45 66
X
34 89
45 93
61 15
32 89
48 86
74 45
49 77
18 53
10 77
46 20
85 60
3 98
64 57
17 3
36 64
43 16
52 77
3 39
20 64
86 7
41 35
68 39
77 62
61 66
91 45
74 37
37 90
69 51
80 63
62 64
29 9
75 10
62 39
90 82
58 62
72 35
83 29
82 87
55 45
9 91
3 72
39 88
87 45
28 27
48 80
59 64
31 21
62 15
13 54
93 40
16 52
73 52
98 48
68 40
39 54
94 45
35 27
10 2
14 29
81 91
72 46
53 21
94 12
76 92
79 8
25 42
53 6
0 73
5 49
0 46
47 93
72 51
12 40
11 89
80 46
84 9
22 98
47 96
6 72
20 96
73 30
9 80
18 97
4 12
22 11
67 47
19 59
93 6
7 83
20 59
31 29
8 83
29 83
21 77
60 35
88 6
76 15
38 20
40 15
15 80
27 87
92 73
44 77
53 96
96 68
84 47
8 98
25 7
21 52
66 28
23 50
54 16
91 54
29 2
63 29
46 52
69 66
5 66
46 16
9 10
48 37
1 73
6 19
27 77
36 57
52 80
80 9
56 67
7 53
85 42
64 29
30 9
46 82
52 78
68 32
11 92
2 10
30 41
37 91
56 92
34 78
88 18
5 69
72 67
16 11
14 64
82 32
62 66
61 56
63 65
67 89
61 24
75 59
11 20
80 20
47 56
9 50
67 42
70 67
78 75
12 38
32 77
42 96
48 65
25 70
92 57
42 1
89 22
74 35
93 56
76 38
30 2
76 61
39 2
52 35
53 41
15 19
97 68
21 3
73 32
77 35
11 2
21 14
10 18
12 84
83 96
49 85
26 53
48 64
96 43
11 98
92 72
84 12
17 95
66 87
77 77
34 69
57 65
7 74
31 28
49 21
33 19
14 53
13 53
87 9
51 64
8 53
30 91
16 89
86 73
25 91
70 96
17 52
24 54
94 30
67 60
45 5
2 48
30 14
87 22
74 95
89 33
71 47
30 83
97 69
73 96
81 45
35 65
83 63
2 69
45 48
95 13
31 48
69 63
42 67
10 69
74 83
3 45
25 88
28 86
35 69
58 73
19 75
39 9
78 95
80 7
41 54
82 33
44 80
97 51
52 34
44 57
54 5
19 52
79 39
41 12
9 51
73 93
44 31
65 64
80 21
97 20
87 42
72 4
29 21
31 20
95 96
0 56
84 63
88 42
71 81
14 78
5 8
46 31
59 54
3 52
49 40
74 24
20 19
11 90
91 91
21 68
37 64
6 32
55 40
53 57
51 10
52 85
72 24
44 21
35 58
89 78
20 53
17 55
8 88
5 32
87 23
2 73
7 28
42 21
4 38
57 4
50 82
29 32
89 0
40 87
52 9
29 33
39 84
38 55
22 75
10 70
6 89
26 58
9 69
30 90
31 34
42 91
58 84
47 88
25 75
55 23
41 42
67 29
25 55
68 95
73 80
50 39
38 41
74 80
27 11
7 52
72 37
43 77
71 30
39 58
73 5
80 15
6 50
23 97
6 49
58 32
37 15
90 37
10 25
4 89
22 52
35 83
76 94
40 88
70 49
31 70
43 66
75 80
95 89
69 93
46 32
68 84
36 82
21 65
48 2
18 95
65 46
82 35
52 10
98 24
15 3
76 67
38 75
16 12
74 77
97 19
62 92
20 52
96 44
96 2
92 23
60 73
23 70
38 27
28 68
74 39
9 72
18 88
43 93
1 56
50 22
83 92
10 65
86 55
57 54
91 24
44 9
94 74
80 82
81 36
88 77
17 2
68 51
83 7
21 69
7 89
43 88
94 43
34 85
67 92
44 91
10 73
73 60
41 70
16 50
38 84
45 21
52 7
87 33
15 94
54 36
33 31
44 6
52 33
98 26
24 69
34 31
87 93
48 28
86 62
93 7
32 29
87 15
49 80
12 72
64 6
15 55
16 3
9 54
45 88
45 10
17 50
72 63
12 11
44 65
4 7
88 22
92 60
89 54
92 42
67 54
11 21
9 98
90 62
63 41
22 14
36 66
5 28
2 29
12 60
36 74
32 71
81 60
33 35
43 85
83 35
9 49
29 23
79 67
20 76
82 39
45 14
93 22
88 36
37 78
93 14
10 74
9 65
66 65
73 24
10 1
1 44
30 89
11 87
45 22
12 75
47 13
11 94
60 28
12 98
43 96
81 9
67 46
11 27
69 30
31 90
67 62
10 59
94 73
74 51
73 4
92 16
35 89
97 90
X
84 32
86 38
72 60
53 62
59 95
81 7
68 96
83 47
38 70
61 72
43 6
X
74 0
73 44
91 58
76 4
22 12
3 50
73 42
41 87
57 95
77 66
59 81
30 50
96 37
43 57
72 32
70 71
12 56
24 98
43 14
44 39
25 18
66 22
55 29
74 4
76 62
37 83
17 69
28 15
72 30
33 86
69 64
42 87
78 44
97 1
61 62
77 30
66 32
96 69
72 50
89 39
30 80
98 82
28 34
33 91
14 86
90 33
8 45
33 69
15 5
17 70
12 14
87 67
67 96
82 90
4 72
91 37
68 41
72 40
68 28
13 38
64 55
55 48
57 9
18 7
53 64
6 64
91 62
61 0
70 93
55 57
14 74
32 20
68 61
58 9
63 61
55 21
6 8
3 25
97 47
44 56
40 90
88 23
44 75
79 94
68 54
71 50
14 72
88 67
69 28
16 73
95 42
56 85
78 72
89 13
47 9
74 84
85 77
48 89
60 54
23 76
15 57
10 98
21 33
92 39
39 32
55 15
70 30
7 19
87 55
9 11
42 22
39 61
45 79
54 10
30 18
65 80
53 2
45 30
57 56
11 76
4 25
30 53
43 34
53 22
71 95
66 29
38 83
83 39
84 29
78 66
5 59
31 50
53 40
66 9
27 75
88 35
28 84
41 82
71 60
24 11
74 36
94 53
35 31
83 68
78 22
84 7
65 29
93 59
19 53
57 39
72 95
29 84
89 96
4 70
41 0
15 49
80 36
93 60
33 70
40 2
90 55
58 34
16 18
41 58
38 87
69 57
53 77
98 49
64 47
27 70
89 36
75 64
98 47
66 47
79 55
4 44
75 62
21 35
75 50
34 76
73 36
66 21
22 87
23 98
83 16
11 14
83 64
25 69
26 88
39 25
22 59
76 44
49 2
55 78
37 80
54 77
71 36
84 83
7 72
59 79
98 1
61 81
27 9
78 91
71 54
77 32
7 50
39 22
28 70
5 2
7 26
13 20
94 24
41 79
2 45
69 81
51 81
20 60
35 87
18 42
80 5
64 94
19 58
41 96
15 65
67 9
3 26
92 91
44 15
37 53
4 53
1 24
13 12
57 85
84 74
78 63
9 70
79 22
87 70
12 90
67 43
87 92
88 45
23 59
28 3
57 86
54 64
11 57
72 55
85 32
84 16
11 73
42 70
46 66
73 49
25 76
94 16
5 45
37 55
89 35
29 31
48 14
78 88
73 50
58 65
96 96
8 3
44 70
10 11
31 87
18 33
51 33
81 80
44 67
26 33
69 29
92 7
9 9
X
49 20
53 49
13 49
2 11
17 74
43 31
71 72
47 27
72 21
77 59
26 35
6 5
7 13
43 56
56 55
26 98
60 89
57 67
1 61
91 46
7 66
60 64
84 6
27 22
45 58
33 89
83 4
62 94
13 25
92 68
63 80
44 22
50 21
14 49
70 64
47 94
74 40
14 71
90 92
77 80
78 29
43 38
52 57
89 44
22 71
43 90
23 11
68 92
24 57
X
60 78
21 73
94 60
51 85
26 14
18 58
93 16
27 6
69 61
26 20
88 52
48 41
40 47
24 33
80 0
45 67
48 70
66 33
42 20
30 52
76 21
14 87
42 58
17 33
69 65
86 32
75 65
8 13
51 62
53 81
82 66
24 76
91 83
50 55
5 53
79 29
71 37
98 33
46 88
22 7
66 54
23 29
14 12
63 66
5 84
6 44
60 22
27 27
63 81
24 18
46 91
17 88
74 34
60 41
75 24
68 4
61 78
79 91
70 9
59 94
79 4
57 57
50 78
6 24
54 31
89 12
6 56
46 35
82 54
53 78
60 59
68 22
78 20
90 35
6 25
84 73
4 60
76 84
73 81
54 85
80 29
82 12
81 50
66 92
82 7
5 44
84 68
84 39
69 95
36 89
2 98
18 74
66 50
17 72
86 60
15 75
54 78
72 64
11 49
75 23
10 26
22 53
25 19
90 36
36 69
50 70
11 71
32 50
24 20
73 26
45 91
64 25
54 79
35 70
29 20
81 90
10 14
24 12
31 3
25 98
58 11
46 12
97 44
85 39
26 18
57 10
89 46
62 62
62 35
27 85
82 50
84 35
28 21
9 92
70 35
50 2
46 58
59 23
34 91
20 78
16 65
75 35
54 95
94 32
78 11
53 27
26 54
12 83
13 72
63 15
12 49
38 89
65 42
46 14
33 71
8 71
13 56
40 3
76 29
16 90
13 17
95 81
68 89
73 7
73 63
92 55
79 45
79 37
61 83
15 97
91 96
44 92
18 89
39 89
92 35
86 63
52 76
32 90
31 82
59 67
54 62
62 23
89 43
84 84
22 19
77 92
23 20
24 3
73 79
7 60
56 57
61 54
51 78
15 1
21 53
44 87
26 90
35 50
36 78
37 27
82 96
48 58
26 8
5 11
87 66
25 59
92 45
15 25
59 78
75 28
19 33
29 71
20 46
55 77
81 79
78 80
78 94
80 67
47 82
33 28
61 25
48 27
88 16
82 5
5 38
10 24
41 41
69 9
95 74
19 74
7 51
70 81
8 36
21 20
43 70
81 11
34 77
23 53
30 60
11 1
25 25
57 77
76 80
47 32
78 37
27 20
32 33
49 58
29 78
36 70
57 27
92 66
56 21
47 21
78 67
47 55
35 78
31 89
7 35
70 47
15 74
33 14
74 9
8 14
64 61
38 77
18 96
25 11
82 94
50 41
95 4
6 14
30 66
4 39
94 29
84 80
98 44
29 98
30 33
48 75
6 59
78 64
92 62
18 2
71 92
26 11
92 37
4 74
20 75
40 89
24 71
18 57
96 40
46 47
84 64
96 42
29 34
90 96
75 32
15 51
46 87
70 22
74 81
8 44
13 26
22 77
57 26
4 1
28 20
33 52
34 14
77 65
7 49
72 26
50 58
34 70
3 92
7 8
18 73
4 26
41 9
23 52
19 60
9 82
58 91
38 18
49 86
98 29
71 93
30 78
90 66
42 83
26 4
73 18
65 86
89 71
11 10
84 67
45 75
33 20
75 93
42 3
97 36
17 51
35 71
17 77
X
85 36
26 83
0 55
51 20
52 75
64 41
79 66
43 83
19 14
98 35
94 23
59 39
68 93
41 14
88 55
37 98
62 56
57 93
41 89
3 56
62 57
78 92
2 56
70 57
28 8
2 24
82 65
43 10
42 14
39 75
89 93
95 54
71 57
32 49
51 21
79 23
12 20
14 26
51 41
72 28
66 4
97 50
12 27
17 73
15 17
91 7
16 17
20 18
72 86
91 39
52 41
8 56
70 54
59 62
50 91
91 67
55 75
41 77
71 35
38 12
53 75
41 85
89 63
41 20
3 73
12 44
49 70
76 35
1 46
56 62
74 41
56 78
32 81
43 18
89 45
34 19
82 93
22 60
50 40
55 10
52 39
12 70
15 26
X
63 28
20 38
74 86
50 4
95 46
8 52
40 53
77 38
63 67
84 94
49 87
70 97
5 39
14 13
21 60
20 69
31 79
21 38
23 19
83 83
93 35
85 73
54 22
86 94
16 33
59 77
70 56
89 5
65 98
50 88
66 86
40 78
24 52
75 81
60 70
91 36
83 66
16 56
77 4
50 96
95 29
48 17
65 84
40 75
36 40
82 55
42 82
13 36
70 36
61 9
69 79
36 20
25 49
81 71
82 80
79 93
58 56
98 43
36 27
80 95
22 76
13 98
76 0
27 3
89 56
96 54
28 29
46 89
42 75
16 93
24 31
66 42
4 10
38 49
4 37
17 4
6 38
40 18
43 15
80 60
84 62
49 75
53 4
20 21
61 61
92 38
41 2
39 27
39 34
X
43 2
27 49
15 72
35 15
63 56
59 2
11 9
7 79
61 28
34 38
19 78
3 38
44 20
25 33
89 15
80 61
36 79
18 17
60 77
45 83
45 53
21 7
20 74
21 98
57 76
28 31
38 71
46 75
95 24
65 61
50 85
30 69
72 56
27 33
51 6
27 52
50 75
47 18
47 15
7 70
29 49
58 64
91 35
48 82
17 71
69 41
18 44
95 30
11 88
34 62
26 52
46 41
31 38
60 75
48 36
81 67
77 42
4 48
37 50
33 60
33 25
9 56
9 39
41 88
72 22
19 44
58 41
11 74
17 89
7 87
64 28
16 98
32 22
54 96
56 86
6 39
93 38
92 96
4 17
17 1
25 50
90 85
16 60
58 93
75 70
43 71
74 32
97 54
88 94
66 61
48 53
32 55
35 85
17 27
11 24
74 29
63 27
27 13
43 35
75 0
7 82
7 39
80 4
46 93
81 84
92 67
55 2
7 9
88 17
83 25
32 98
80 64
26 27
17 61
47 49
40 83
50 20
69 21
27 8
79 54
96 22
71 56
93 23
45 27
54 42
61 64
63 57
73 54
6 37
51 53
79 24
47 53
61 76
64 75
74 96
83 46
48 55
81 46
22 74
45 18
25 54
83 24
83 93
73 3
9 38
6 95
31 60
7 37
46 9
17 49
32 34
49 27
53 58
78 65
30 32
71 80
28 52
28 77
46 94
57 61
61 75
86 35
93 39
90 12
26 38
47 58
52 2
81 0
X
45 90
39 71
19 56
73 37
84 66
43 82
25 12
51 2
24 83
33 34
98 46
63 78
43 75
95 76
94 62
9 20
9 81
32 59
67 25
91 60
37 73
98 67
62 28
54 4
44 10
16 13
80 23
67 21
72 57
28 14
48 90
20 44
50 76
59 85
97 46
41 83
37 89
19 88
35 18
18 13
63 9
29 52
36 33
51 40
88 80
65 66
65 95
43 9
77 94
77 61
90 93
19 96
30 19
39 83
66 62
11 45
4 9
93 92
54 2
84 24
77 49
15 58
75 34
39 14
33 59
58 78
92 36
50 27
36 19
X
7 1
18 51
75 86
41 78
91 42
46 30
78 34
61 70
72 12
16 19
88 0
60 76
26 50
59 15
26 59
15 98
51 63
77 28
80 34
4 56
35 75
90 32
56 34
13 73
24 61
59 86
16 76
35 21
37 19
93 37
31 8
12 62
54 70
55 58
41 3
93 28
48 21
76 55
60 2
47 89
48 20
17 90
46 15
10 39
63 85
66 85
10 92
62 78
44 88
49 41
53 87
47 87
7 25
82 22
26 61
48 34
46 10
52 82
73 22
38 91
76 64
82 47
39 70
45 98
14 92
75 29
66 93
79 64
40 69
94 39
98 25
58 76
63 54
42 18
44 16
44 69
56 2
76 41
77 64
10 35
79 92
8 37
63 2
78 46
88 66
25 52
84 61
4 61
47 16
77 63
88 96
85 5
43 20
6 34
42 15
58 10
47 69
36 60
77 34
18 72
89 32
16 25
85 66
56 60
61 10
30 81
39 50
27 53
10 72
82 2
84 21
24 28
91 12
89 23
16 69
12 39
47 31
57 21
51 77
94 21
94 56
62 61
21 59
32 14
45 87
45 28
75 36
X
18 45
78 28
38 52
24 74
73 34
8 7
79 28
27 59
42 89
42 16
7 38
5 21
88 93
11 25
96 62
0 63
72 93
37 18
2 46
72 54
X
60 40
46 53
49 18
65 57
20 17
85 64
13 76
20 77
57 31
0 47
43 58
17 25
30 82
79 86
6 71
6 96
22 20
11 15
8 92
70 4
66 2
78 18
25 60
92 93
57 78
32 60
38 35
92 63
37 82
33 49
11 83
74 54
57 2
36 14
82 0
97 22
5 48
88 64
19 69
63 40
51 91
11 11
64 78
7 75
93 67
51 79
55 34
32 19
96 39
65 41
43 69
96 25
21 25
86 4
52 42
58 75
37 84
95 28
12 45
75 40
74 79
93 93
18 60
41 18
59 10
53 82
64 85
55 16
1 47
54 82
26 60
37 60
32 42
41 69
85 9
48 87
49 82
43 91
13 28
64 9
38 53
33 88
94 93
29 10
7 59
2 77
19 17
72 48
35 38
75 63
23 31
41 84
34 20
2 61
95 92
6 45
4 52
77 54
97 93
1 23
36 83
80 11
35 20
87 29
53 79
8 82
32 38
18 78
6 61
96 46
8 8
65 75
54 88
15 38
63 70
11 48
9 37
82 86
21 15
51 58
85 83
54 27
55 56
34 50
16 51
43 21
79 32
65 43
79 36
66 84
85 61
49 90
23 40
91 93
34 34
14 75
41 50
69 4
79 12
83 33
49 56
45 56
49 30
79 11
75 54
73 57
24 70
85 29
62 76
2 82
87 63
20 1
83 80
91 66
26 89
56 20
61 57
37 52
9 45
69 2
93 32
77 84
39 31
48 88
37 57
62 31
86 5
28 2
13 83
59 80
21 19
16 74
98 92
42 45
22 64
72 85
4 47
50 34
20 83
87 4
50 66
65 76
85 63
55 20
52 83
68 56
5 35
6 48
67 84
38 80
18 12
0 13
83 22
35 8
63 11
82 84
96 29
90 22
40 10
23 77
21 1
82 15
98 91
42 85
96 21
0 93
55 27
46 3
55 91
53 14
16 57
65 70
95 93
90 42
50 65
77 40
X
49 88
79 57
85 67
86 80
33 33
6 69
46 55
28 60
8 51
73 85
64 27
59 24
64 40
61 39
77 22
76 22
78 4
38 19
28 53
52 79
50 80
12 35
67 61
48 69
69 54
77 29
80 79
32 70
49 79
83 57
70 21
73 9
86 29
27 1
39 15
95 80
96 24
19 45
42 90
66 46
7 48
64 76
39 87
11 37
23 38
89 17
61 40
28 28
14 10
85 92
12 41
35 95
89 64
44 18
37 58
22 73
11 66
66 27
70 23
77 86
37 33
89 80
12 24
65 39
6 23
67 48
58 79
80 2
4 24
23 33
76 86
59 76
64 56
98 16
21 79
3 24
96 0
1 55
9 48
10 9
8 72
90 25
55 70
0 67
88 63
77 41
79 41
40 33
28 13
98 39
98 22
20 51
47 62
55 6
10 61
24 27
83 5
47 98
34 49
10 36
2 47
50 90
65 54
39 16
13 74
69 40
18 98
68 44
78 93
68 21
94 91
14 25
65 47
60 48
95 23
59 41
97 37
11 34
89 67
56 58
90 64
57 11
86 64
49 53
X
24 60
67 4
43 89
63 84
47 77
70 92
20 67
34 33
54 25
76 85
60 23
62 10
75 9
50 36
87 94
64 91
8 19
56 82
38 60
97 80
26 49
93 36
4 73
50 5
20 7
33 78
84 10
48 94
85 24
59 16
47 91
93 21
14 24
91 22
72 43
1 30
12 92
74 93
42 50
16 42
48 3
56 90
59 69
87 57
16 1
42 69
32 40
53 90
97 9
91 77
97 96
91 94
81 20
64 2
66 76
86 22
41 17
74 60
85 54
82 23
12 48
93 80
3 60
10 8
75 25
90 39
93 63
73 39
16 59
94 80
65 31
33 50
9 23
55 14
94 38
24 77
44 27
38 50
45 16
73 56
38 73
77 15
95 38
28 51
43 78
24 78
73 21
49 89
40 17
31 1
71 9
7 61
74 5
94 36
86 21
90 5
38 90
38 74
90 71
9 17
3 91
98 42
71 2
X
10 56
62 77
0 94
14 56
34 60
5 47
81 23
24 73
X
55 4
72 9
58 14
56 4
7 47
84 92
2 67
81 34
15 92
98 84
73 0
70 28
58 90
97 24
79 96
7 67
13 45
11 36
30 1
5 71
18 25
81 29
28 1
66 57
53 20
87 41
98 64
32 1
63 23
59 65
82 95
26 7
35 91
76 56
21 44
62 75
1 94
8 38
78 32
98 21
64 77
34 71
35 33
84 85
22 1
36 77
45 50
69 89
64 19
12 53
42 2
63 77
14 38
0 81
80 28
50 3
58 95
48 32
83 84
77 81
50 53
16 7
47 33
95 56
29 8
34 59
11 13
17 29
20 45
13 97
42 17
24 50
2 55
17 56
19 72
12 17
57 75
59 4
76 25
97 25
82 79
97 0
84 23
6 86
80 66
67 2
11 39
20 33
76 57
89 92
49 34
5 52
82 67
15 56
6 46
12 73
3 58
11 30
82 97
41 15
37 1
86 61
12 61
3 6
37 49
52 90
25 57
68 76
1 81
66 31
10 49
39 91
57 82
21 45
14 36
58 86
30 24
35 82
94 35
50 89
96 48
53 53
51 56
82 34
9 47
28 33
54 20
22 72
24 72
77 1
52 98
64 86
52 3
34 52
53 85
14 83
20 30
53 91
72 2
53 25
92 94
44 71
59 82
89 66
39 60
92 21
56 12
37 59
68 48
1 67
40 57
83 34
88 15
44 82
37 61
56 54
48 35
71 79
47 73
73 14
68 62
27 7
61 41
92 20
2 57
14 91
66 70
67 5
93 42
61 2
12 69
74 94
80 86
96 74
69 47
49 69
97 42
66 95
6 13
16 49
60 60
0 22
13 34
34 27
22 38
82 57
63 10
55 53
89 25
20 56
85 84
76 54
76 79
50 69
83 50
57 60
94 90
70 65
21 71
26 68
59 90
2 68
64 10
4 67
98 62
23 73
60 16
65 56
51 69
5 6
62 70
18 35
59 27
51 27
45 20
51 65
21 56
51 89
52 20
97 71
14 34
93 29
9 36
33 42
43 32
36 58
23 44
87 5
41 60
45 71
4 22
60 82
7 23
40 79
91 21
56 14
22 17
66 41
27 12
75 57
51 3
56 88
87 32
56 53
12 89
91 56
44 47
51 22
60 72
6 6
98 69
85 62
45 34
84 34
15 13
68 31
70 41
39 19
16 34
3 22
84 86
91 86
97 62
23 74
68 11
17 34
93 31
56 22
47 20
37 29
23 36
13 13
32 39
98 80
87 2
40 19
35 26
71 65
13 39
83 79
43 3
70 66
54 80
60 27
46 71
14 73
13 48
66 20
68 70
47 14
6 22
39 52
X
89 94
74 73
19 13
86 79
6 47
3 67
92 54
40 50
53 69
43 33
84 5
65 10
22 96
88 4
15 48
47 71
76 14
11 47
81 3
8 23
48 18
96 91
98 7
24 44
38 78
64 65
49 33
57 14
80 88
87 64
46 42
49 15
53 3
90 67
8 46
31 69
29 51
80 96
79 34
51 75
59 70
28 59
60 57
73 2
53 83
92 95
9 44
86 15
37 23
18 1
7 6
20 13
49 16
61 27
63 82
89 24
39 33
2 23
81 28
1 63
77 85
62 49
70 27
71 13
9 26
12 34
9 8
87 79
8 39
69 96
10 15
75 45
84 95
88 92
1 43
7 56
90 94
72 14
36 38
30 8
70 14
8 70
7 46
67 78
72 34
21 30
43 50
62 67
30 51
23 1
24 49
91 15
25 89
35 60
4 81
32 35
97 39
65 9
96 53
67 93
96 56
88 82
96 23
12 47
63 58
95 63
52 53
66 75
8 43
54 87
40 34
7 54
55 98
6 43
57 88
8 48
4 6
81 22
76 40
88 71
19 25
79 40
85 86
39 73
23 5
80 57
38 8
78 85
27 89
98 96
49 73
79 85
46 50
88 32
67 76
23 17
57 20
44 66
36 31
12 18
69 32
31 19
2 81
11 26
71 61
96 92
25 38
39 18
71 64
2 92
X
48 91
27 68
51 42
83 19
60 90
44 78
94 14
43 8
69 92
20 25
38 81
66 5
50 87
50 81
89 41
39 78
9 43
6 36
88 57
50 35
16 24
75 56
4 45
96 93
12 13
47 35
30 85
36 71
49 3
10 43
10 23
71 28
19 34
8 26
25 31
45 15
52 89
88 56
63 31
81 54
86 11
73 94
49 35
48 15
77 98
3 55
50 18
55 22
58 61
74 56
81 30
90 15
10 20
19 51
55 90
5 37
25 44
34 47
3 17
70 6
10 47
95 62
27 76
86 36
95 32
66 64
92 64
43 87
43 73
17 98
35 59
5 56
46 5
69 70
28 7
12 36
71 55
28 10
3 23
5 26
74 57
20 34
84 4
47 34
66 10
51 18
42 9
20 98
42 81
1 93
16 88
25 72
95 45
64 82
32 51
93 66
5 43
41 90
33 51
42 88
16 48
44 83
21 34
66 56
72 29
85 50
6 30
44 35
17 26
59 88
51 9
39 49
90 41
84 22
5 25
9 6
2 63
96 80
69 20
16 2
54 18
59 56
39 1
16 26
6 81
29 72
41 59
69 31
92 0
14 39
75 85
73 31
76 73
40 73
83 28
54 14
31 18
17 92
97 66
76 65
18 79
33 7
41 73
87 95
62 27
3 93
4 93
88 95
50 77
55 31
26 3
97 23
36 91
10 44
86 86
40 49
33 72
10 13
69 56
14 48
11 43
81 57
53 89
23 12
41 19
98 66
43 17
83 21
94 22
73 73
78 86
58 18
41 49
97 32
54 53
25 17
39 38
10 45
11 23
39 59
48 73
22 45
4 5
8 6
6 55
17 10
85 79
77 79
37 31
71 27
15 59
8 27
47 78
31 41
40 59
84 82
71 14
X
17 13
54 46
97 38
17 59
8 10
60 88
51 70
36 42
5 22
76 81
77 9
58 2
17 24
25 3
77 14
71 31
60 84
67 80
26 44
93 64
70 38
90 45
98 32
12 30
37 70
67 94
26 24
22 34
98 0
54 75
7 81
25 36
79 65
3 40
94 63
10 34
90 61
56 11
91 52
72 8
50 73
30 17
13 47
90 21
9 46
19 92
65 82
13 44
50 24
10 48
31 33
84 57
60 18
31 98
43 81
87 11
87 86
4 55
21 92
52 40
12 43
8 17
21 13
98 15
32 74
87 84
54 3
19 12
12 23
91 41
40 52
35 7
90 83
40 38
72 27
15 39
14 47
83 65
49 91
90 95
58 31
15 83
45 35
80 94
50 33
25 20
78 84
19 41
60 80
46 78
14 17
94 64
84 28
72 31
45 17
15 24
28 17
59 18
18 52
88 86
78 61
14 37
36 7
7 36
56 91
17 23
64 84
35 14
X
5 67
79 63
29 1
2 94
4 23
23 30
69 80
24 30
24 68
19 23
44 89
73 27
48 71
34 7
18 43
97 21
92 41
24 19
74 85
28 12
12 74
78 54
X
78 9
35 73
40 1
8 25
30 31
68 77
85 11
5 13
78 56
30 10
12 37
58 77
80 85
19 43
81 94
79 56
56 98
41 8
67 31
25 83
98 38
70 70
29 19
57 98
52 58
18 34
64 58
79 95
27 44
24 38
34 51
5 93
54 89
13 92
48 78
84 87
78 23
58 74
66 80
18 92
72 65
34 35
23 34
49 55
44 17
82 6
71 77
3 81
39 74
97 63
95 41
7 55
11 65
93 62
83 23
6 93
82 92
83 32
65 34
45 78
22 56
65 28
9 42
79 79
45 89
72 20
20 92
21 74
81 95
53 15
57 80
98 45
4 43
44 8
51 73
56 10
96 64
93 41
48 16
43 49
0 97
97 45
13 24
94 15
85 41
18 56
89 86
59 75
38 59
98 93
42 19
32 87
54 91
3 68
66 82
24 17
95 36
56 27
42 49
51 90
61 90
3 94
70 91
76 34
93 94
85 28
35 67
58 98
45 8
89 42
95 78
X
64 72
79 5
17 96
15 64
94 27
43 59
62 51
X
80 22
X
30 43
91 4
63 35
42 95
1 64
48 45
17 7
90 65
8 30
X
72 47
12 6
X
X
31 25
X
X
X
X
X
X
26 76
28 49
X
29 75
X
60 71
X
3 32
21 72
90 26
47 6
33 11
27 39
49 12
5 51
X
85 51
X
X
X
2 0
67 39
X
X
30 15
X
61 36
X
9 25
29 68
57 23
X
X
63 25
21 21
X
74 8
28 42
X
62 88
59 66
81 86
91 16
X
58 4
X
8 93
51 25
13 59
X
11 56
86 3
24 6
73 16
X
X
1 27
35 19
43 1
X
63 38
20 27
18 59
X
43 28
67 22
27 78
X
37 36
27 41
16 81
X
X
27 58
X
63 75
88 2
74 92
78 79
54 58
X
21 94
X
87 49
X
28 57
35 49
87 85
X
90 51
65 62
X
0 50
X
36 52
78 31
X
X
66 40
X
38 0
13 87
X
X
X
79 87
X
X
X
55 32
31 94
X
65 8
X
X
X
96 32
91 98
11 22
X
12 7
4 76
68 80
53 59
43 53
88 53
17 20
83 95
0 15
32 41
X
X
97 57
83 86
X
X
7 10
64 59
X
57 33
X
70 95
7 80
X
54 90
30 37
11 33
62 93
X
X
18 62
93 27
94 77
47 70
79 84
39 21
30 86
48 60
20 62
69 72
X
X
21 29
0 95
15 27
50 48
58 57
X
X
X
X
46 64
10 32
72 72
X
41 57
56 42
X
11 59
10 68
32 31
X
70 20
94 46
75 33
X
X
58 26
96 57
8 49
65 48
X
X
89 62
X
X
X
X
X
81 85
73 95
60 85
X
X
79 14
X
97 59
16 92
70 46
18 28
18 71
X
5 87
X
83 38
87 46
25 53
89 53
76 24
X
59 96
86 42
X
95 70
X
1 48
86 83
11 8
X
60 56
X
X
31 39
X
84 65
X
75 72
X
85 25
75 91
60 86
X
17 14
77 17
X
82 20
4 3
28 80
4 50
76 93
X
X
94 83
54 86
65 69
38 37
X
66 34
52 21
X
28 50
X
X
X
38 1
69 68
23 72
X
76 23
47 7
X
X
X
53 80
10 17
85 52
67 45
X
34 88
24 26
49 57
1 72
X
26 73
X
96 36
59 71
X
X
17 6
X
56 31
X
56 94
8 50
80 54
40 23
X
52 52
73 43
X
X
X
X
20 70
X
66 83
79 15
36 73
30 98
X
X
69 22
X
X
33 87
56 69
13 33
X
X
12 1
39 11
70 8
X
X
94 37
6 84
X
X
X
6 94
X
96 45
X
38 68
38 58
45 82
83 94
52 73
X
77 91
X
15 34
X
30 30
98 78
X
X
X
X
91 92
41 75
26 28
90 76
50 67
26 12
12 25
87 43
45 37
X
47 28
X
X
X
64 96
20 41
69 55
54 63
42 24
44 50
X
61 89
X
20 58
X
20 55
X
31 2
X
X
8 47
55 85
75 46
X
45 43
57 34
X
65 17
53 74
7 4
6 85
X
X
X
41 10
72 89
X
X
29 4
23 90
85 16
20 42
65 49
95 47
X
X
X
31 92
X
71 70
X
X
X
X
5 55
X
81 66
X
X
35 92
5 97
X
82 31
70 32
X
90 17
3 27
X
X
37 66
X
X
X
42 7
X
18 65
31 86
74 64
96 11
53 61
X
X
X
X
X
73 59
X
39 57
X
24 53
X
27 98
20 14
X
X
X
17 5
X
19 71
91 63
27 21
86 41
X
X
37 87
15 53
X
88 5
X
X
87 3
73 86
28 58
27 91
X
X
96 26
X
22 13
5 74
X
X
28 83
X
X
X
X
X
X
X
52 6
X
54 38
41 48
65 65
X
49 14
X
X
5 90
65 90
X
43 62
77 45
X
7 2
5 33
36 49
80 65
44 60
85 80
X
66 37
93 69
X
23 37
42 5
71 32
X
X
13 16
X
X
X
X
X
39 17
77 13
77 51
98 31
X
X
X
50 72
X
X
69 53
39 97
59 38
X
17 17
24 75
X
88 28
40 25
14 88
90 70
X
58 21
X
59 92
15 71
X
11 69
40 77
X
10 84
55 19
X
84 78
X
23 2
31 71
13 77
86 18
2 49
X
X
X
X
97 43
74 21
X
X
X
68 24
X
27 74
22 30
94 92
90 0
44 54
58 7
X
X
X
X
X
57 73
80 92
X
8 12
35 10
94 59
X
74 22
86 53
44 58
2 86
X
X
1 19
X
X
35 63
24 94
X
7 7
X
X
33 18
53 28
X
44 48
87 7
X
94 44
41 67
68 98
76 78
X
X
70 80
13 89
53 65
X
15 10
27 60
X
26 41
95 65
77 89
X
X
43 94
48 56
2 59
6 98
10 21
30 39
29 97
39 44
78 82
46 33
94 55
64 49
84 79
X
37 77
X
31 32
9 67
X
X
22 42
92 92
53 17
X
52 51
X
62 9
45 40
39 68
88 41
71 52
57 90
95 14
93 78
4 71
X
X
X
67 41
X
X
68 42
91 20
27 82
37 92
60 29
X
85 20
X
39 51
67 81
8 96
X
10 67
79 75
82 48
X
36 72
0 69
X
X
57 51
46 21
X
X
X
51 4
X
X
X
6 90
15 96
35 39
31 93
X
X
13 23
58 85
X
3 12
22 69
X
52 56
X
81 25
44 90
X
36 45
23 7
98 68
54 83
11 86
X
43 37
69 90
X
13 79
30 26
17 16
X
48 85
X
X
86 54
77 67
X
X
X
55 46
67 55
39 53
63 7
1 97
X
X
19 80
67 77
X
55 82
X
61 29
35 62
X
28 78
X
19 73
78 14
50 7
0 68
X
39 45
5 61
X
X
X
X
X
31 26
95 64
X
40 60
X
23 47
X
21 28
X
X
X
X
X
X
8 40
4 51
90 46
51 86
33 66
X
4 49
X
67 74
50 62
X
79 10
52 91
X
X
X
27 14
58 54
70 44
X
X
X
X
92 22
X
20 72
75 51
X
5 20
X
X
X
13 14
X
X
59 40
86 37
24 59
X
42 63
X
88 83
71 7
20 73
X
X
X
X
X
X
33 64
28 74
X
54 1
X
X
97 92
29 50
18 5
58 80
77 56
X
X
94 70
X
X
X
4 69
17 91
78 15
27 90
82 73
6 40
56 87
X
52 60
40 9
X
61 26
55 88
X
19 57
36 50
48 31
X
X
X
X
67 70
39 82
42 10
X
6 26
34 95
80 45
8 57
13 86
X
47 59
75 30
87 80
33 26
X
27 83
61 65
29 81
11 54
X
29 42
X
X
10 93
74 53
75 21
X
74 87
X
X
93 91
8 91
X
14 7
X
55 5
X
14 18
79 61
92 70
77 21
36 62
X
62 25
X
42 78
X
X
X
X
X
X
45 24
X
67 57
X
X
52 18
X
X
X
73 35
98 51
14 19
X
24 95
X
X
X
60 53
X
50 79
X
X
69 83
51 34
X
X
61 47
X
X
76 66
77 47
X
31 57
X
X
66 66
X
X
51 50
48 50
51 51
X
X
81 96
X
96 49
X
87 52
X
76 28
44 37
X
76 87
71 34
47 52
18 75
X
X
22 44
X
X
91 34
X
X
22 95
X
X
X
X
80 93
X
11 91
80 1
90 63
53 18
X
X
X
55 79
41 92
6 21
56 9
67 63
25 30
X
X
48 77
X
X
46 18
84 1
X
36 86
X
X
X
X
X
82 74
X
15 77
25 84
13 61
18 27
77 24
33 38
X
X
26 78
X
83 40
5 10
X
80 30
76 53
10 37
27 64
X
X
36 88
17 84
3 30
X
33 17
X
29 37
X
81 48
X
X
56 29
X
67 26
11 61
44 96
39 90
X
X
27 34
34 65
X
X
77 69
X
38 31
34 41
54 21
X
24 84
X
28 91
X
X
X
X
X
X
X
83 61
X
X
21 17
70 31
X
82 25
95 77
X
83 26
13 40
9 60
X
78 35
56 52
X
X
X
X
40 12
X
X
96 89
36 30
21 2
X
X
X
X
17 40
28 72
76 71
X
97 67
23 35
63 76
98 71
41 38
47 60
0 98
87 38
11 72
98 50
61 53
80 47
X
X
X
18 19
X
87 44
8 41
X
17 54
X
X
38 33
X
X
4 94
X
X
14 69
61 77
91 44
32 3
61 85
X
X
15 91
6 42
X
95 39
85 35
23 75
83 67
32 2
87 35
X
56 33
42 36
12 46
X
X
1 68
X
24 36
X
X
X
53 45
