178 16
68 59
78 58
55 15
33 29
102 8
188 39
24 25
59 3
32 31
170 21
122 13
20 21
190 41
121 75
9 4
41 10
62 35
76 27
44 10
65 120
45 2
127 67
174 77
130 62
1 43
33 88
188 10
159 78
24 81
53 33
187 20
49 42
135 18
99 24
76 4
178 30
178 69
110 39
10 48
42 41
101 17
147 75
40 27
137 13
153 84
100 18
129 71
179 77
155 39
169 58
125 75
27 81
32 89
181 27
185 77
177 32
173 47
45 41
172 6
104 91
137 9
14 42
62 3
9 6
181 69
77 59
38 50
14 67
127 35
51 44
7 87
177 78
59 1
46 2
118 37
137 15
51 90
47 2
154 84
53 100
126 8
83 70
96 50
49 30
17 26
41 17
41 4
11 91
11 6
138 100
74 1
130 67
63 1
178 35
54 67
128 63
19 6
138 44
126 31
88 29
81 58
76 107
74 3
60 3
140 45
116 10
156 15
126 68
139 89
132 63
43 94
116 89
77 51
160 15
96 12
61 15
118 90
43 3
194 52
13 43
142 33
5 25
189 77
51 30
11 78
63 93
53 29
114 28
23 21
34 19
75 1
191 8
157 60
74 59
79 27
192 9
155 42
126 13
60 8
65 19
13 88
124 80
189 65
160 78
179 69
70 44
48 52
156 61
7 16
154 43
81 59
110 17
80 27
100 24
7 110
117 10
145 17
51 41
117 70
167 3
162 11
78 36
138 9
21 6
140 13
153 52
188 73
41 50
162 130
41 5
91 40
75 6
148 53
65 35
171 61
41 95
120 10
146 76
188 66
148 6
139 45
112 36
112 38
175 6
81 44
17 43
154 89
23 9
66 20
193 88
41 44
147 89
82 44
141 89
132 103
78 60
17 47
41 27
110 101
137 101
168 48
82 46
84 19
101 19
10 88
150 17
90 51
138 18
146 117
102 24
134 19
84 29
87 58
180 77
46 41
149 89
88 112
81 88
188 22
99 12
89 3
75 108
144 31
135 10
113 24
197 57
155 10
162 82
155 68
81 90
32 8
30 91
152 53
124 46
190 47
11 4
64 15
16 93
79 1
38 53
43 50
97 50
138 19
42 82
55 100
147 93
88 53
96 19
20 17
52 101
13 44
62 97
152 17
53 104
3 43
130 28
98 19
91 3
60 1
14 48
143 44
173 61
162 78
162 115
156 10
92 109
93 67
169 48
102 19
148 75
103 24
21 62
4 74
21 86
174 10
41 83
89 58
97 63
142 37
142 45
114 95
169 62
161 116
192 12
134 75
79 125
98 90
165 76
43 82
65 106
56 62
191 52
197 58
117 38
158 39
191 89
121 38
147 37
10 110
152 86
192 13
70 45
39 19
98 67
77 107
138 91
74 60
8 74
186 88
78 109
133 105
132 56
47 50
169 60
4 26
27 116
23 6
116 80
192 82
49 43
178 101
191 4
176 17
43 98
134 71
136 16
194 89
135 22
168 132
136 71
175 102
176 106
21 87
16 67
92 51
154 92
194 47
107 68
130 30
178 78
70 48
25 45
26 117
128 68
161 117
75 7
88 98
131 57
116 28
15 42
122 25
145 68
55 33
164 4
97 98
78 126
23 65
59 62
141 45
182 35
24 87
122 28
94 67
19 18
90 154
76 5
175 107
167 100
53 41
191 10
159 10
35 31
41 96
21 26
69 131
140 80
148 77
94 40
161 118
176 79
41 97
41 84
32 19
177 70
77 105
55 41
56 5
170 133
24 27
98 134
181 109
81 126
124 84
129 65
1 95
180 81
99 28
142 54
29 118
53 118
77 80
102 98
105 58
102 134
43 112
105 98
159 103
63 35
55 104
13 10
133 58
181 101
122 31
41 19
132 113
153 82
108 113
140 75
162 39
171 21
107 58
111 113
12 74
156 68
147 54
151 37
171 7
125 11
53 113
173 21
52 102
51 124
63 45
44 98
166 4
164 58
136 91
55 113
149 31
168 134
12 107
118 43
50 125
138 20
126 46
136 112
18 180
66 40
165 77
109 113
37 90
134 23
117 95
64 93
158 37
76 81
49 85
118 83
161 75
153 54
2 21
139 71
95 51
155 13
169 100
189 21
42 19
8 110
86 29
168 39
159 93
24 119
192 5
89 145
149 118
57 33
76 37
29 110
44 165
97 52
17 78
97 12
78 108
90 41
13 89
78 105
143 80
11 92
51 50
24 78
104 92
52 44
24 65
179 2
171 122
84 105
95 67
86 72
166 6
86 17
172 49
169 106
71 90
141 71
174 52
99 158
13 11
190 65
29 6
174 53
176 58
172 10
144 54
163 75
77 15
153 86
154 70
142 29
68 60
10 6
119 145
30 110
31 110
179 70
92 40
171 51
14 89
68 45
178 92
67 33
46 84
107 72
161 83
4 72
129 46
69 40
56 118
76 90
171 106
96 54
158 31
49 2
134 24
160 62
197 59
106 15
120 41
195 5
105 127
175 93
28 81
119 28
108 118
99 154
175 11
74 33
155 53
25 78
147 7
177 102
87 18
19 19
158 107
112 118
119 104
131 41
137 75
167 27
105 154
166 83
21 34
143 29
171 11
36 77
14 69
71 131
64 121
91 110
122 85
124 85
52 30
6 48
92 69
120 67
21 67
118 84
193 93
126 3
34 33
134 113
148 143
87 19
124 89
108 55
138 105
149 75
37 87
65 36
56 67
196 93
41 48
26 87
138 75
155 70
49 87
22 137
47 48
57 109
170 60
41 180
66 3
183 102
7 117
54 113
158 13
176 80
165 6
178 4
64 1
168 75
38 55
188 35
69 194
139 81
28 121
117 89
183 123
120 56
182 106
17 133
53 85
192 35
96 68
51 139
160 93
180 5
170 39
191 58
44 180
167 46
179 51
5 59
92 52
11 36
188 67
118 86
185 89
180 92
34 110
141 81
142 105
139 16
167 31
172 65
124 31
66 36
172 52
143 81
133 56
32 91
117 24
8 118
89 112
179 102
170 87
175 108
186 90
37 137
179 82
177 72
38 36
56 85
181 71
77 109
122 56
153 93
81 1
170 89
138 45
138 41
23 67
13 93
16 107
161 78
70 19
73 188
34 74
148 68
120 104
146 166
185 91
147 40
195 126
119 154
118 105
177 93
53 87
110 55
109 98
48 165
5 100
161 31
8 72
56 87
3 95
107 119
70 40
61 4
89 105
33 66
141 55
146 56
97 110
37 74
59 87
53 180
126 99
27 94
191 21
59 85
111 118
182 109
43 85
191 126
172 39
40 74
72 125
4 94
192 10
130 31
60 85
165 91
109 118
86 119
22 87
190 77
95 99
101 63
166 91
125 10
61 94
47 53
123 13
94 90
140 9
64 5
109 15
175 7
46 83
122 123
194 93
73 194
154 143
14 44
55 139
75 3
54 110
166 87
6 11
26 118
167 88
5 29
167 91
160 53
12 5
95 13
71 87
55 180
32 94
74 87
8 114
44 36
183 107
158 110
55 119
44 123
91 112
51 36
114 90
142 83
5 190
131 114
8 59
98 14
137 113
97 19
56 165
151 31
182 2
56 59
44 86
188 90
28 72
154 94
111 101
188 100
61 180
170 135
165 116
139 83
39 36
139 82
25 67
90 145
110 57
X
66 106
164 5
117 39
120 69
29 120
145 114
88 110
127 85
81 128
155 82
162 118
124 145
75 66
71 132
149 29
6 102
111 122
121 154
67 139
151 29
127 90
5 103
193 21
76 87
54 125
187 92
112 120
186 102
127 13
117 80
178 39
31 115
31 118
168 46
123 104
15 69
133 114
60 127
53 139
54 50
76 28
32 110
53 127
22 18
139 102
97 15
138 103
24 28
93 119
61 5
114 83
157 53
106 63
1 22
142 94
97 54
180 3
186 105
118 39
157 15
107 121
50 74
129 91
171 46
34 18
44 82
91 111
6 104
151 41
181 70
99 130
192 52
63 50
184 28
183 51
52 114
3 141
51 22
180 117
109 122
143 66
155 43
114 85
65 50
63 48
76 45
69 50
100 14
181 120
74 4
178 81
45 110
99 98
191 172
3 173
9 11
123 90
141 75
86 194
157 143
190 66
87 105
171 12
6 22
189 35
33 105
48 55
87 20
37 77
96 14
91 51
75 180
86 111
99 110
65 48
45 82
49 3
83 1
104 134
43 137
181 117
15 132
90 194
127 9
171 75
67 20
104 110
158 129
14 108
143 57
193 5
74 188
149 66
144 191
50 77
193 127
103 158
88 94
186 66
57 22
64 3
157 10
75 133
55 74
57 74
145 195
1 25
84 94
124 98
113 98
186 68
11 69
75 121
76 174
180 94
146 17
169 27
6 14
90 53
169 46
66 114
64 35
168 135
144 57
126 24
31 6
123 153
83 45
185 75
177 58
61 11
148 93
136 75
49 109
57 119
154 133
92 174
16 69
121 40
106 123
152 54
111 75
85 33
35 110
190 75
136 131
76 48
146 149
159 60
188 106
69 89
36 18
35 32
50 127
179 83
7 25
180 39
27 95
58 61
125 119
110 98
124 124
134 20
13 12
160 63
93 194
135 20
177 94
4 76
148 90
94 41
179 119
67 121
84 21
190 51
16 42
76 180
38 69
19 9
168 63
60 61
158 130
21 9
136 127
190 101
175 82
190 35
21 63
158 61
8 76
128 24
118 80
148 56
71 139
166 101
69 8
130 24
87 1
36 109
62 61
148 114
41 74
32 193
149 8
77 29
86 113
101 61
45 36
154 37
172 27
152 90
155 191
100 15
104 101
118 85
155 195
28 94
190 67
129 90
147 57
188 114
100 28
106 127
32 98
11 76
144 105
121 78
6 30
188 117
52 119
141 56
153 90
76 39
23 26
X
3 21
180 90
119 108
90 180
118 24
55 114
94 81
188 119
126 10
6 52
89 1
40 69
150 115
128 3
171 48
23 18
135 113
26 119
179 35
107 87
43 87
153 29
10 11
119 57
62 6
79 39
126 109
93 192
58 59
182 39
66 4
54 118
178 131
162 37
29 107
51 137
59 128
101 192
2 25
130 3
93 82
124 13
73 128
68 36
136 129
152 55
191 39
91 22
85 71
63 11
5 141
63 6
164 118
191 90
68 181
128 98
15 108
104 36
70 165
106 19
168 53
24 68
77 188
33 6
5 173
7 173
60 59
181 95
93 69
182 122
175 133
191 87
158 41
11 67
145 19
102 17
32 64
84 71
137 145
13 25
152 41
147 94
159 110
194 87
97 16
65 3
160 60
161 124
4 93
161 84
155 3
157 3
45 86
90 184
90 1
136 105
161 85
70 50
70 91
1 24
15 25
57 62
91 25
21 83
167 6
148 149
65 115
193 3
40 124
46 69
164 115
168 87
46 119
101 130
161 13
96 85
170 51
160 110
28 127
130 46
64 72
55 67
178 5
158 29
68 139
15 89
10 14
53 137
82 90
13 190
114 24
169 101
12 14
170 90
146 77
42 5
147 19
107 85
27 45
157 71
187 68
139 104
170 31
168 91
71 91
64 74
85 105
100 131
178 72
154 95
62 180
131 65
128 154
21 27
156 62
87 33
120 15
90 112
13 52
141 59
66 15
86 8
127 91
47 123
31 107
165 88
188 120
47 110
68 115
107 124
123 26
97 113
126 125
88 123
105 188
120 145
123 105
126 100
24 83
44 6
38 193
75 135
24 121
23 14
15 190
34 107
69 72
9 168
41 88
59 5
39 18
71 92
122 78
1 40
93 25
79 36
42 113
75 165
34 64
110 158
124 78
127 89
126 1
40 36
93 181
17 76
8 150
20 190
87 119
127 100
108 110
27 73
178 133
23 34
36 107
151 6
128 153
65 11
140 15
52 88
8 30
146 105
13 128
45 107
54 107
62 59
21 100
49 4
170 106
98 52
46 64
110 85
34 76
56 6
133 115
136 132
122 15
12 150
124 56
178 37
125 57
92 139
82 72
83 71
40 77
80 29
193 114
101 154
53 78
158 62
111 110
93 22
72 64
31 95
89 123
160 29
53 124
88 8
83 46
117 184
182 90
28 14
7 14
184 37
121 104
68 114
168 102
86 114
13 56
90 52
162 41
52 125
123 110
4 95
63 128
150 6
119 43
123 113
180 119
110 15
94 69
90 103
150 19
122 124
89 33
110 58
22 134
102 72
17 56
57 120
75 109
103 180
113 11
31 56
192 14
24 18
38 67
188 91
53 6
182 29
132 98
100 12
99 19
42 135
57 107
152 56
112 110
105 180
174 27
99 17
167 29
4 123
33 185
22 28
145 102
14 128
53 36
163 116
69 93
75 64
19 101
44 137
135 103
163 78
141 9
69 115
155 84
101 28
33 95
1 91
68 56
147 9
93 83
127 111
13 70
193 82
179 19
155 72
68 180
171 53
110 188
143 58
13 72
139 41
23 68
164 85
181 96
66 74
56 83
42 67
29 190
30 73
85 19
70 194
112 39
100 16
133 103
4 21
22 101
170 143
140 10
192 90
24 136
107 69
189 115
120 158
179 72
71 148
175 78
141 95
108 72
178 120
34 152
74 83
154 86
41 36
177 27
157 195
69 106
118 81
181 123
112 188
165 87
158 3
25 65
12 141
128 85
191 37
96 165
5 27
144 29
194 95
28 28
27 134
179 53
41 125
45 67
169 110
43 126
173 143
35 185
18 73
69 6
121 10
176 143
31 119
137 98
41 6
138 16
12 11
152 19
37 76
71 93
73 148
143 59
105 25
137 22
3 25
52 117
98 165
58 134
151 8
45 134
28 74
54 68
103 72
147 102
145 57
77 45
84 95
56 134
53 90
8 52
91 64
145 22
193 96
102 28
23 86
3 91
160 31
161 195
68 119
76 31
139 105
91 107
138 94
159 130
81 129
33 98
46 123
X
4 91
178 58
95 139
22 34
109 110
65 6
103 64
65 72
180 124
180 122
12 76
195 3
102 131
X
14 115
183 143
121 158
105 192
137 104
147 158
182 30
26 78
64 4
70 120
53 88
181 83
78 127
17 52
104 61
22 63
49 14
20 35
94 22
40 76
11 38
47 120
94 132
54 115
24 115
118 192
147 22
90 148
179 105
91 154
166 88
120 146
67 134
38 126
131 110
34 123
52 126
69 74
133 146
47 54
187 143
142 59
150 9
75 122
132 128
12 38
95 64
110 122
31 127
38 28
76 109
88 54
124 10
86 124
100 165
102 6
100 154
142 15
X
71 88
77 56
82 50
71 8
17 74
109 121
103 50
92 91
29 45
133 98
12 108
34 190
98 148
179 122
122 29
99 99
52 69
14 141
141 145
18 178
129 153
X
52 115
154 102
181 118
99 134
130 153
54 78
182 5
148 9
25 125
167 61
44 76
56 110
94 133
75 134
24 120
192 170
167 195
16 70
98 88
156 13
14 129
91 180
128 188
146 78
136 146
25 52
X
121 43
53 4
106 50
51 78
56 137
152 31
68 134
170 110
137 110
67 137
120 184
88 69
41 123
75 137
102 69
150 158
29 121
60 62
173 46
157 11
134 104
85 95
21 68
93 85
118 69
24 127
99 100
49 28
9 150
178 27
41 91
51 14
189 39
38 87
154 90
189 100
36 175
71 36
38 185
80 36
145 145
80 56
151 22
49 7
23 134
27 87
156 142
95 25
5 171
82 88
137 121
190 46
77 39
32 56
155 11
52 67
7 123
83 88
79 137
70 59
188 143
189 22
107 180
13 76
X
129 165
104 24
111 98
147 118
183 35
38 38
143 33
149 92
165 4
135 119
9 130
72 59
163 109
17 168
27 173
22 141
175 162
188 14
12 67
99 111
129 1
73 93
172 110
87 72
161 110
51 28
121 192
176 61
140 153
58 62
46 36
22 16
124 109
105 181
87 95
56 182
131 165
96 66
17 27
71 134
66 155
148 158
146 145
X
61 129
168 31
158 10
64 45
20 9
98 91
154 135
42 121
126 14
9 99
46 38
139 184
107 19
140 184
158 19
74 93
9 114
139 103
147 117
136 119
49 88
193 90
192 46
12 69
136 18
148 105
125 113
78 129
91 92
58 135
119 50
87 194
66 116
190 115
14 76
14 130
64 7
53 14
23 63
94 42
36 173
92 64
111 73
126 50
76 96
84 20
72 139
27 129
87 125
52 14
61 14
50 190
44 113
164 158
41 98
152 91
78 48
154 91
84 137
124 180
107 120
121 15
180 72
147 134
71 74
92 107
56 152
36 169
92 137
192 143
27 171
55 117
29 94
32 171
66 5
74 134
11 168
29 115
98 113
69 4
169 29
175 97
21 150
151 93
85 155
59 6
94 192
137 95
90 8
150 95
79 32
40 115
188 78
85 56
90 123
6 25
15 79
112 98
53 102
9 103
95 137
42 48
16 71
6 24
50 78
154 93
71 152
172 29
173 195
163 108
123 31
23 141
182 94
79 74
122 26
98 174
7 88
117 40
97 194
90 104
103 123
124 69
128 180
11 79
98 8
122 154
24 141
28 52
152 50
182 27
141 119
105 56
52 77
170 134
179 16
87 155
130 154
119 37
131 188
123 57
145 134
134 72
22 83
3 183
193 22
189 106
25 86
24 129
X
53 190
28 45
44 96
85 59
124 108
118 194
56 190
124 86
145 131
97 107
71 38
101 108
105 61
X
107 181
148 57
65 156
92 112
71 4
100 148
77 174
41 193
28 141
36 172
94 64
183 103
172 161
43 48
78 56
23 168
109 148
158 50
154 134
24 21
56 68
X
64 14
66 72
146 165
91 156
137 146
66 14
35 152
X
81 60
6 171
134 98
160 61
95 33
163 117
12 103
X
25 66
113 8
74 101
159 95
93 113
124 45
160 50
156 63
138 121
81 48
39 175
49 193
139 94
49 18
179 61
73 125
146 118
44 95
63 178
8 88
179 71
190 102
11 88
168 61
167 158
107 70
56 88
X
52 76
168 41
122 86
119 25
55 18
55 101
141 184
67 155
157 68
96 64
X
52 124
104 59
120 60
86 121
71 106
189 14
39 70
89 155
109 73
121 194
103 28
175 131
172 46
141 146
96 156
163 106
134 56
106 61
125 80
70 18
42 17
44 115
173 6
34 185
129 156
69 56
176 97
5 62
152 22
156 191
102 88
148 165
187 88
6 183
175 104
15 76
110 139
128 89
145 59
170 91
104 38
191 78
168 119
16 72
182 101
154 56
120 148
188 92
175 161
95 69
174 29
130 50
145 54
106 38
63 3
119 58
132 154
40 128
83 48
25 150
147 88
X
98 92
161 95
23 183
126 45
72 185
170 41
61 182
22 150
125 84
26 168
156 153
103 48
10 52
179 29
160 19
134 146
69 60
57 193
134 188
84 101
102 107
8 26
99 25
188 88
54 18
33 161
77 14
137 154
59 4
121 39
172 31
179 50
88 121
95 100
151 166
91 155
122 158
182 25
120 126
127 86
85 137
111 76
125 86
78 80
136 72
146 121
137 156
154 105
93 121
42 128
X
141 194
80 14
108 124
37 171
79 4
150 169
100 152
163 95
125 109
161 29
118 95
120 123
19 102
74 28
142 119
55 76
106 48
6 62
X
158 56
X
160 129
X
82 74
111 134
187 166
159 169
141 41
48 168
66 11
39 173
130 45
80 129
130 180
115 48
113 6
151 7
81 4
94 92
60 87
121 185
143 95
159 104
91 1
1 163
180 83
174 158
180 105
159 105
50 115
98 107
180 195
162 19
134 110
69 70
196 95
120 121
27 119
20 124
39 171
73 139
40 161
8 123
38 114
62 190
2 132
61 1
159 13
39 116
104 107
93 107
51 23
63 115
30 121
195 143
148 145
167 4
31 52
122 121
36 185
44 50
87 4
126 124
9 26
181 90
119 48
165 90
48 171
169 49
79 30
42 123
13 176
143 188
175 94
44 135
13 131
160 56
38 127
78 51
45 123
8 104
84 98
16 89
123 107
135 72
183 25
145 115
4 132
83 74
54 139
24 134
77 27
138 22
8 12
151 137
16 103
X
147 184
79 60
6 132
98 111
96 164
164 78
105 64
151 169
162 153
151 134
7 111
142 57
68 193
120 11
126 48
74 96
14 116
57 76
138 180
28 150
109 88
62 8
173 53
51 141
49 150
7 30
106 59
110 18
66 178
122 11
40 70
192 126
81 141
155 1
42 50
53 23
78 37
79 129
157 137
102 152
195 129
169 19
141 82
26 120
25 127
X
83 83
X
27 78
151 9
55 23
135 121
74 99
103 152
17 72
143 64
19 62
13 135
131 156
157 134
65 117
104 33
138 154
25 136
125 123
91 4
4 40
136 11
62 1
108 73
141 121
163 107
34 144
156 156
48 2
24 79
139 72
106 74
175 8
46 82
67 116
89 101
28 26
116 8
55 150
166 159
172 51
52 168
50 171
152 169
129 48
130 181
50 79
105 101
154 137
64 8
29 103
40 169
192 29
121 74
50 18
180 50
123 121
72 93
92 93
12 36
57 83
92 43
64 76
40 86
134 57
190 106
81 33
106 18
78 29
23 12
157 1
155 8
183 104
52 70
179 48
38 128
68 178
44 161
21 28
4 42
151 95
125 148
X
134 74
147 64
156 154
38 30
138 95
67 132
62 182
76 185
65 103
138 96
10 47
121 107
22 135
28 79
25 121
170 119
13 26
65 121
121 59
93 23
136 74
108 38
114 84
35 108
182 50
53 18
175 169
39 67
171 41
40 173
100 91
126 119
135 128
51 173
102 18
72 67
38 62
51 144
125 121
18 133
84 74
50 150
15 115
1 162
11 40
66 76
156 121
113 139
182 48
67 114
10 132
93 112
64 94
49 44
148 78
26 16
116 67
33 52
39 16
26 45
104 132
179 17
168 159
164 56
38 183
51 74
112 101
103 111
138 181
71 150
94 194
158 121
194 82
51 52
168 72
152 57
149 64
144 194
42 136
X
45 6
X
74 131
43 77
41 30
35 144
14 38
100 13
53 175
90 42
54 102
133 148
147 166
40 144
74 30
99 88
88 105
140 181
X
87 30
156 105
159 63
78 81
15 48
121 145
49 5
137 11
88 4
89 59
139 74
6 46
15 106
121 126
28 16
27 136
54 52
91 129
125 38
90 105
187 159
13 40
122 126
147 188
48 108
88 114
172 107
188 12
141 72
61 95
56 114
X
23 42
34 26
129 89
141 180
159 154
184 195
27 75
89 54
13 136
125 12
95 23
29 26
99 113
29 150
140 72
5 123
29 141
108 111
120 37
192 159
85 83
152 95
115 52
X
X
160 191
127 123
91 62
55 168
175 105
13 36
112 33
171 19
97 156
74 125
59 161
64 95
67 161
93 64
13 38
179 31
191 46
94 30
192 78
149 78
149 166
15 176
38 42
159 133
135 123
93 129
181 102
165 89
72 150
9 2
186 106
54 126
113 26
52 79
176 82
93 79
146 122
70 70
25 68
110 111
172 41
X
108 59
18 176
38 65
41 2
121 146
132 188
188 89
182 93
63 8
7 62
52 120
41 183
173 19
149 93
23 40
141 123
69 2
93 91
155 194
138 119
161 15
36 103
123 86
90 183
103 141
151 165
142 90
190 118
183 105
164 59
X
56 171
122 108
84 88
133 128
138 11
94 79
195 117
24 47
158 63
4 162
84 28
66 7
169 142
78 38
86 28
X
125 52
162 194
109 132
28 128
49 6
79 127
158 33
189 120
190 50
X
128 38
30 103
33 162
26 139
66 12
96 33
15 188
138 111
6 26
193 50
69 119
188 68
150 180
103 112
142 181
183 53
130 155
73 161
74 161
7 46
154 145
126 28
104 174
40 116
8 62
135 139
62 62
129 26
16 48
180 48
178 158
138 98
24 139
162 195
123 108
5 101
175 158
59 129
75 83
85 101
X
156 123
120 129
53 70
138 110
110 177
14 72
176 134
193 46
170 72
116 177
28 168
131 62
44 124
64 190
169 59
107 74
191 48
69 103
24 140
70 190
176 19
191 129
106 14
X
125 79
166 153
88 113
55 77
87 83
14 40
X
14 131
162 154
75 178
159 33
128 2
145 191
92 41
X
83 90
162 191
96 83
X
124 67
122 23
88 101
104 123
34 65
122 112
188 11
193 48
71 103
178 83
31 28
79 29
53 173
108 19
188 13
169 191
26 47
25 49
33 96
192 39
55 120
55 144
164 6
60 88
150 75
26 49
137 139
31 103
79 178
177 96
77 12
24 116
192 31
167 33
127 11
82 141
160 137
81 34
190 120
7 84
119 152
146 191
143 184
153 180
49 168
38 40
121 41
138 92
157 153
52 86
161 86
31 116
25 42
159 156
93 62
78 99
195 97
108 36
98 68
100 150
174 156
24 12
39 91
189 195
194 31
127 45
128 30
X
29 160
142 145
63 168
79 12
157 72
40 162
67 72
124 74
132 155
38 91
158 137
61 144
31 108
115 24
9 131
97 111
41 40
35 135
167 26
82 4
133 42
46 67
99 8
134 148
157 191
165 194
125 36
55 78
158 123
70 76
149 94
68 116
76 32
91 184
165 180
98 164
157 145
63 180
X
3 163
65 168
92 53
20 32
7 26
122 145
184 137
193 195
83 161
93 183
98 50
37 135
72 126
55 175
25 129
105 179
77 119
154 180
131 38
166 194
65 8
136 148
115 95
70 126
138 156
179 18
21 102
190 166
169 194
31 49
163 118
X
189 19
29 74
169 145
181 124
191 59
41 70
X
135 24
97 112
52 139
31 120
64 180
141 10
95 14
126 121
171 191
167 180
110 141
134 101
143 148
170 33
54 36
74 139
49 16
167 188
155 12
172 142
29 32
X
79 121
160 121
29 139
168 56
30 150
141 74
144 148
30 160
38 196
41 162
130 68
72 127
103 126
195 115
72 190
121 152
27 97
51 135
42 74
7 73
88 99
137 148
157 8
X
70 135
X
7 167
140 154
75 161
65 16
40 172
54 108
171 188
191 56
X
145 33
110 179
184 143
160 106
94 93
137 155
43 62
29 163
X
132 156
150 88
X
56 168
44 77
191 19
X
173 142
185 165
117 6
102 91
166 102
77 161
193 19
143 146
6 51
179 79
27 47
47 3
73 193
183 153
96 30
63 172
52 90
4 117
194 46
79 122
70 93
144 181
42 183
169 132
46 40
58 83
170 26
149 90
124 183
8 112
86 101
145 116
X
92 54
132 115
X
84 103
129 23
56 70
115 91
21 84
153 30
17 7
103 164
107 71
32 163
139 156
148 54
41 160
171 119
142 103
12 80
159 74
34 49
122 10
28 116
110 178
X
161 42
194 119
120 132
63 130
48 110
152 135
176 83
38 115
155 38
56 78
149 28
140 156
177 143
4 120
68 16
51 32
X
X
17 167
41 196
29 116
57 118
173 190
29 188
163 115
189 78
115 6
56 120
150 185
29 97
127 119
142 41
114 178
154 101
31 97
116 178
68 120
X
24 20
33 163
113 12
180 156
164 154
51 176
19 103
138 122
120 108
131 153
X
128 4
65 1
121 129
117 8
127 52
74 150
142 36
136 24
27 138
86 196
143 41
195 116
75 131
144 103
81 89
39 65
24 117
162 42
130 69
140 155
182 124
109 99
94 43
148 58
186 156
95 52
181 30
43 162
6 12
176 117
52 18
126 113
30 163
11 11
4 163
146 146
55 42
143 119
29 106
X
139 154
42 62
28 12
172 180
181 186
70 6
190 156
51 171
122 132
42 65
191 115
91 120
140 83
88 125
183 48
87 97
23 84
187 137
7 11
30 32
160 135
4 154
148 146
44 49
X
80 12
45 65
191 186
X
68 117
134 21
42 160
187 156
146 148
138 183
171 145
161 106
79 76
145 29
X
188 156
X
64 49
169 53
113 141
147 181
151 178
88 196
148 131
84 99
30 74
189 73
113 99
13 54
187 158
84 76
165 178
103 150
18 115
X
193 29
X
107 179
106 64
61 176
145 67
194 50
X
25 84
154 146
187 165
44 162
106 179
188 40
157 139
X
137 152
135 177
90 196
143 55
114 164
86 190
124 132
177 142
39 196
41 47
136 123
43 74
166 154
31 54
192 158
10 51
49 54
92 113
102 70
85 141
148 103
111 99
87 2
4 73
162 106
44 74
49 40
77 49
161 169
142 123
122 146
192 156
182 118
75 185
63 176
62 159
103 25
13 51
97 30
64 159
90 43
66 176
189 128
195 130
182 3
174 8
98 54
162 123
63 182
167 194
123 174
86 193
27 84
56 86
179 58
71 6
121 109
104 164
173 31
189 130
70 121
191 50
20 104
79 2
102 99
70 56
111 179
188 8
32 49
64 144
193 59
146 23
161 38
160 133
108 121
7 48
29 47
129 164
139 98
66 168
57 78
46 85
112 119
110 14
130 52
156 155
19 167
41 62
148 18
43 183
81 27
44 163
180 190
48 163
83 72
48 169
168 38
51 20
41 157
137 16
173 145
174 154
137 99
126 183
174 26
148 102
27 168
175 134
136 103
53 120
162 152
52 135
126 86
128 192
51 54
143 67
91 122
94 129
67 159
73 6
97 79
128 91
162 121
52 144
194 56
80 32
6 138
177 26
138 177
145 36
27 139
86 141
84 161
162 74
135 75
144 59
108 122
125 23
12 73
163 82
176 158
180 180
86 168
69 121
91 133
52 20
106 76
179 185
74 159
157 146
X
X
84 30
49 163
182 4
37 175
181 121
12 132
8 46
126 132
123 129
165 56
22 9
79 159
33 49
57 190
134 42
100 111
28 139
17 5
89 193
183 154
152 137
63 116
178 32
107 15
183 185
65 14
67 135
19 115
158 30
132 132
177 145
54 20
63 171
68 176
53 54
191 165
30 47
125 89
42 77
76 176
54 173
87 99
192 145
146 132
91 23
155 101
92 196
136 76
25 141
8 84
23 167
67 49
55 54
121 121
27 76
91 43
46 108
78 119
52 150
16 106
51 163
195 59
29 28
86 21
78 122
169 107
162 86
65 171
29 136
10 46
128 99
X
X
34 138
173 194
21 32
24 137
51 34
38 112
140 152
45 157
76 83
6 49
166 152
75 150
34 136
193 97
169 139
13 27
16 46
187 102
168 123
174 30
33 103
177 117
86 105
132 38
65 182
94 193
50 157
98 172
147 132
192 118
69 16
X
17 67
3 186
146 123
170 28
13 57
106 192
73 147
X
16 116
170 123
49 84
196 96
64 116
66 1
179 81
56 7
9 132
178 117
107 192
16 154
120 14
168 28
133 164
41 86
74 126
183 142
131 111
13 45
95 97
75 67
97 62
76 49
88 190
89 176
74 147
X
75 139
125 67
X
117 41
129 4
X
138 164
163 74
68 20
50 84
166 134
177 123
19 60
X
147 164
92 176
139 76
103 161
150 76
161 133
192 172
173 33
58 138
69 132
159 76
175 194
52 157
20 116
83 141
65 49
X
94 85
110 132
34 73
56 139
67 171
88 170
183 180
95 159
X
X
87 59
70 72
52 141
X
93 123
8 60
129 183
48 167
15 51
191 188
X
10 89
45 104
27 137
168 188
14 57
53 32
195 145
91 193
21 60
165 158
22 36
147 67
32 127
126 4
193 78
175 95
6 123
112 150
171 8
28 27
168 74
X
49 8
56 79
104 152
X
77 16
34 188
23 35
187 90
169 146
175 163
56 136
133 112
92 62
160 10
X
105 161
54 157
9 84
81 29
13 90
56 169
180 191
61 175
16 80
150 28
26 42
150 31
142 38
8 120
71 135
51 115
77 54
187 142
189 142
190 116
114 86
128 52
150 181
140 12
85 57
132 126
13 24
5 60
69 171
172 50
117 91
36 104
56 157
56 163
X
66 16
71 56
18 74
194 30
184 191
181 194
9 104
94 191
182 186
167 28
152 165
6 23
141 52
155 4
56 32
67 182
108 161
183 106
24 138
17 57
78 14
121 76
4 149
165 115
63 169
86 59
131 52
98 193
98 159
76 150
92 133
36 144
20 187
25 139
42 120
160 130
105 34
4 164
112 111
38 27
126 174
X
14 93
45 7
59 160
15 72
76 1
158 105
95 53
42 70
100 193
77 121
67 157
147 91
5 30
118 193
194 78
11 89
34 103
18 118
63 160
17 124
88 168
X
59 162
53 141
189 8
52 103
171 38
29 187
194 48
133 141
74 157
22 60
152 92
54 70
150 77
17 51
194 115
35 103
125 183
191 77
8 149
183 152
159 106
140 183
41 77
18 5
56 60
145 52
62 175
86 108
193 188
61 162
159 52
32 187
176 132
148 181
51 167
149 18
30 28
193 186
89 173
63 162
142 183
124 129
87 57
24 124
69 138
21 104
127 174
43 128
101 60
40 164
64 175
99 172
131 192
79 16
90 190
95 79
189 165
X
56 135
46 70
168 121
44 47
108 74
66 6
141 196
191 79
25 51
175 103
132 129
131 54
97 108
92 190
9 30
183 109
23 83
56 20
85 34
11 9
166 56
X
90 54
133 150
8 73
123 106
173 65
33 7
77 180
72 57
30 27
45 137
13 46
165 85
104 144
X
191 41
107 59
49 187
171 139
165 196
X
193 129
95 54
126 23
31 160
71 138
15 189
189 126
155 192
48 7
96 97
32 160
54 32
X
130 64
80 127
136 108
161 30
46 65
172 28
28 124
42 10
80 54
X
108 171
179 32
152 37
42 40
55 52
5 186
72 88
173 62
37 138
X
75 147
12 104
181 190
117 67
156 180
94 190
137 20
132 192
X
35 49
126 70
2 192
143 145
135 150
139 180
192 180
28 47
70 8
73 138
50 30
51 150
77 150
193 126
55 173
104 172
123 91
24 40
30 26
134 54
51 120
117 11
166 104
80 125
160 139
111 168
111 171
74 128
137 72
18 189
18 134
188 152
144 183
19 188
58 89
2 130
60 86
175 91
109 59
134 22
26 79
X
123 171
31 26
17 9
172 30
X
6 186
169 196
126 91
28 76
137 102
17 122
81 32
139 99
122 109
133 132
97 33
147 148
153 31
50 113
74 136
X
149 67
76 157
50 151
170 146
78 49
X
185 74
143 36
59 163
10 111
158 139
47 121
151 18
72 135
20 36
46 104
188 165
11 2
27 127
177 132
180 178
158 127
4 192
157 101
164 82
112 132
71 40
172 188
62 60
150 16
166 178
X
21 17
X
177 196
11 13
68 175
131 50
147 36
78 161
100 191
62 163
31 124
54 40
139 14
112 179
174 28
192 142
X
X
195 142
67 32
135 174
55 32
50 88
76 161
X
190 14
101 191
130 156
179 106
129 45
103 159
71 72
67 16
X
44 62
186 154
79 119
126 84
33 56
118 70
153 181
74 57
136 141
102 97
X
36 73
29 5
195 4
36 20
190 74
183 27
52 151
45 9
47 47
12 89
119 193
128 35
132 104
55 47
98 173
21 5
15 57
165 181
77 32
67 160
57 77
146 114
X
177 28
27 51
46 86
134 76
15 24
66 175
110 59
20 188
108 34
158 155
127 171
124 91
137 177
139 96
121 42
175 109
21 154
87 34
90 182
3 130
20 118
183 178
X
181 196
132 168
131 112
149 6
152 183
120 120
155 2
197 180
104 97
100 173
97 190
166 103
79 161
142 14
105 99
134 70
44 94
110 161
159 54
X
113 101
141 76
168 65
191 88
158 36
X
186 103
83 84
109 130
16 24
72 187
145 18
155 86
52 171
174 76
74 80
47 104
149 164
105 60
116 144
133 38
77 34
83 49
28 134
81 45
20 122
40 29
55 16
138 72
65 169
194 118
137 108
149 30
84 84
49 89
88 97
173 28
55 7
157 192
189 178
97 83
87 101
63 163
30 75
X
54 136
79 157
74 160
49 27
77 122
26 141
178 169
41 49
34 20
63 47
70 20
118 184
75 34
82 138
86 7
124 179
101 193
4 43
141 177
122 111
147 20
31 154
141 91
162 155
192 30
70 46
23 13
148 52
148 88
37 91
24 46
85 157
155 193
5 192
167 135
53 138
13 192
4 146
158 38
18 191
4 153
33 154
42 86
9 88
54 151
1 23
18 186
X
42 43
13 47
4 75
152 18
141 16
123 23
47 9
139 177
56 108
190 195
X
39 112
183 196
23 191
152 164
168 26
184 194
6 146
67 162
91 197
120 144
177 20
178 123
91 118
176 16
139 100
148 132
9 166
35 54
196 30
141 150
77 120
65 175
96 159
34 143
X
171 178
180 38
134 192
160 33
39 143
176 91
30 108
72 91
8 16
96 79
89 57
8 146
52 136
29 189
169 141
174 164
11 149
173 146
144 184
43 127
189 194
104 112
185 143
133 192
160 11
15 192
57 79
13 80
31 51
22 104
73 91
X
167 178
16 155
107 88
86 197
191 22
87 157
176 59
115 86
146 52
14 117
X
22 68
115 49
119 24
143 96
60 163
146 18
191 166
53 30
74 32
164 74
33 30
98 176
23 192
34 104
120 9
166 183
190 68
137 174
103 182
8 102
99 26
139 101
83 4
75 65
53 150
9 102
133 144
111 130
55 187
22 32
37 54
137 12
166 155
91 108
1 179
186 104
132 171
169 103
86 56
75 138
50 80
160 52
43 40
132 130
25 12
30 29
101 190
52 163
56 167
156 196
132 153
147 191
4 118
45 5
7 27
134 38
12 102
52 173
77 187
159 139
11 166
127 122
75 157
130 70
78 54
179 158
114 6
87 167
41 31
159 127
70 106
157 14
130 65
137 141
7 75
173 141
92 138
61 127
37 51
13 73
138 152
177 83
184 196
25 46
114 80
27 40
65 172
137 70
31 106
130 23
99 157
176 141
98 30
78 150
39 62
X
132 99
73 88
161 33
130 29
145 20
64 77
48 104
51 138
56 89
49 191
190 104
65 118
33 187
155 85
184 141
90 167
145 196
177 108
53 44
182 38
174 155
83 2
16 55
106 49
19 5
41 46
103 160
192 186
32 54
168 52
167 181
193 180
86 122
169 183
34 189
148 59
78 147
152 49
131 40
67 163
17 80
192 38
73 150
141 70
67 169
52 167
133 40
13 132
53 163
72 56
75 175
99 176
159 49
194 90
153 49
171 9
X
111 34
144 118
186 141
108 125
104 182
X
49 189
107 123
42 125
141 40
X
61 189
84 138
59 83
84 141
148 64
122 110
108 170
41 143
X
140 14
12 181
163 155
105 160
20 167
68 168
52 127
120 161
51 80
142 194
85 32
164 155
X
51 47
130 25
55 136
135 130
176 155
46 62
172 12
139 164
87 32
29 186
191 118
22 17
32 51
173 139
39 87
91 157
10 112
44 43
64 172
X
136 150
5 75
160 36
X
6 133
173 196
138 112
50 40
90 197
31 192
42 7
195 119
55 73
43 46
159 38
105 57
32 108
159 101
134 171
194 186
131 58
49 188
147 95
6 141
126 89
87 56
175 164
124 182
79 136
176 109
158 18
87 147
179 62
52 80
166 158
X
88 120
189 141
17 166
52 32
57 32
169 135
30 63
4 133
8 100
X
134 168
179 28
79 49
93 108
178 155
1 39
125 91
171 183
180 35
56 151
64 96
64 189
68 172
105 190
35 154
179 76
53 188
52 47
38 124
16 104
10 154
26 51
61 143
171 181
25 149
145 197
35 20
X
86 104
144 41
53 115
44 116
70 162
69 86
21 24
111 170
176 146
X
38 192
159 155
41 192
160 14
142 52
169 18
188 154
145 130
83 162
76 160
105 187
152 184
157 193
101 62
108 126
193 142
152 176
10 146
189 79
52 176
32 192
180 155
12 146
151 88
57 85
94 32
28 136
X
56 73
193 4
28 80
21 155
47 49
96 167
120 124
154 71
183 30
89 34
127 87
49 192
102 173
160 74
59 89
79 73
193 146
123 170
179 154
84 96
148 168
51 84
17 44
42 124
171 10
125 74
137 150
81 30
175 139
65 102
73 86
195 186
45 108
98 147
63 159
100 88
70 163
90 173
10 26
X
53 171
5 130
53 35
123 161
42 133
33 51
X
92 175
135 122
191 194
130 161
112 122
13 133
85 162
22 138
39 192
181 181
88 9
181 92
155 196
193 20
182 181
8 75
85 84
172 108
73 67
169 38
67 136
84 104
6 27
180 52
19 191
186 65
128 183
142 40
183 155
9 52
193 113
151 177
X
43 164
162 36
52 191
125 60
99 167
154 57
7 119
151 168
169 65
117 144
160 192
142 30
131 42
31 5
4 119
122 125
10 114
26 80
96 32
34 106
38 31
34 51
182 91
23 60
65 46
20 166
42 39
127 84
32 17
158 135
108 157
148 95
39 128
98 33
177 139
187 169
43 70
68 47
16 68
28 149
20 63
6 153
146 119
105 191
125 58
X
158 2
113 150
26 170
80 143
86 125
100 167
111 187
184 139
29 104
30 5
81 136
29 76
110 138
X
162 169
142 180
77 57
87 197
50 27
23 166
23 5
179 108
42 87
74 97
38 175
135 9
X
31 149
34 124
132 170
4 71
162 192
132 161
105 159
192 181
135 120
100 133
102 147
68 121
68 49
114 92
179 183
144 188
55 188
140 11
92 197
122 76
134 138
X
159 107
78 180
37 144
75 32
9 100
19 186
73 151
86 169
X
107 190
172 38
87 162
36 54
187 139
51 187
159 168
160 169
161 168
95 85
35 75
53 191
155 9
133 161
103 162
88 104
23 24
112 133
189 12
156 194
98 32
179 184
121 80
176 157
28 146
27 140
164 168
128 179
18 119
76 47
112 187
151 180
193 194
134 99
34 146
50 51
108 160
100 175
162 15
48 47
193 116
16 156
43 133
161 18
X
62 31
30 66
79 77
28 42
23 195
104 173
23 7
52 51
157 104
167 197
14 80
80 73
48 164
109 147
34 149
143 180
39 17
186 67
57 191
108 167
35 17
36 106
10 4
10 84
50 55
194 79
24 181
94 62
182 183
137 138
X
4 165
182 190
182 52
X
4 147
158 57
50 164
113 9
8 153
149 65
X
12 149
157 57
170 18
44 133
X
160 127
34 56
X
27 96
115 179
36 146
35 56
10 27
180 154
109 167
60 84
54 171
164 2
178 157
31 155
110 162
88 197
63 31
126 2
103 99
177 154
2 191
172 178
24 183
18 135
65 104
161 134
X
178 124
99 147
68 182
51 40
X
143 54
45 39
159 124
77 151
X
157 105
154 176
18 156
15 27
147 171
X
141 122
192 183
184 38
84 17
176 95
52 187
3 179
118 191
166 168
46 39
64 31
66 102
36 149
168 181
156 120
12 2
78 47
4 130
79 31
18 125
171 33
96 100
45 106
97 157
81 47
71 189
193 178
X
146 120
172 18
X
105 36
173 20
138 108
143 197
11 84
69 36
144 64
155 14
119 191
107 162
6 147
105 182
110 167
188 36
53 27
26 195
X
197 181
53 7
27 42
6 10
47 55
134 170
114 167
126 182
102 175
105 164
1 92
103 147
124 23
98 167
188 157
5 133
57 187
29 137
112 130
57 89
104 133
38 144
30 195
133 130
127 183
84 72
136 170
X
143 150
124 97
159 157
126 129
12 179
89 120
88 169
93 197
184 27
100 151
184 142
159 57
149 68
133 126
112 34
18 123
134 105
X
53 21
110 160
X
117 25
8 147
152 20
191 2
157 9
195 183
187 154
181 184
88 70
7 165
167 192
10 142
75 86
30 190
48 106
16 51
81 86
151 30
123 173
108 187
103 151
74 27
124 87
10 153
X
30 186
135 144
66 77
13 179
3 140
19 119
27 49
104 175
6 140
136 144
134 132
188 137
X
121 9
138 161
140 96
109 86
141 144
93 138
122 129
170 183
77 100
161 93
169 192
70 86
145 40
66 17
8 13
83 77
174 157
64 73
165 197
117 167
39 142
65 31
33 181
124 170
144 180
74 67
165 176
106 187
153 179
74 162
141 161
16 53
6 13
67 168
119 151
32 63
4 151
183 39
55 40
73 163
50 44
10 140
110 176
38 29
104 32
51 27
105 51
10 147
109 190
106 60
53 176
44 37
X
53 187
33 31
X
80 49
74 89
12 147
41 155
110 190
156 122
11 10
109 171
78 27
160 9
168 176
84 27
101 92
69 102
74 31
101 176
81 2
78 151
48 5
55 35
125 133
72 60
79 54
175 154
123 160
X
30 170
X
107 84
6 130
57 188
83 81
106 32
180 91
X
62 15
84 73
71 104
118 41
138 170
176 194
144 119
106 77
170 178
147 150
109 159
17 119
14 140
76 189
125 120
83 163
186 155
51 136
130 1
X
156 8
143 144
45 135
66 73
140 164
178 62
16 90
80 142
X
156 177
183 184
109 157
33 54
123 172
91 130
128 190
122 60
102 176
10 28
5 149
125 97
132 165
158 101
187 104
88 167
23 32
12 153
57 35
52 75
103 124
3 185
39 146
145 188
52 24
173 18
45 133
100 176
107 39
157 12
21 156
172 33
X
91 182
122 151
69 5
127 10
104 99
94 197
146 150
X
61 13
194 146
36 110
76 34
14 118
14 55
167 30
169 74
87 189
3 182
180 192
122 133
175 130
151 40
33 127
112 138
88 189
27 125
111 175
121 120
X
165 177
32 170
91 89
68 136
71 73
65 180
32 195
169 121
29 108
X
X
11 142
163 96
146 144
189 193
71 89
160 120
86 9
22 140
108 32
X
121 79
121 184
61 130
34 155
83 143
165 2
129 159
41 195
41 116
139 174
25 134
6 60
42 158
X
7 112
39 31
38 43
120 133
83 68
191 193
102 60
54 14
113 138
X
193 183
144 120
100 172
127 109
X
133 111
52 164
95 138
192 178
64 2
57 139
141 174
82 73
164 86
126 172
36 56
85 161
55 21
51 113
25 181
179 104
103 49
190 49
90 101
54 47
130 71
83 136
158 42
177 76
X
80 77
92 89
161 120
X
91 173
3 133
101 27
25 83
X
X
138 42
55 36
26 191
133 160
171 26
120 191
X
28 171
47 10
48 158
46 68
175 76
X
169 76
91 24
88 122
141 57
184 190
182 104
3 39
118 67
2 131
137 14
75 102
104 108
123 56
115 175
134 126
28 46
28 125
143 82
50 47
41 181
9 112
122 14
167 177
24 191
103 47
57 21
177 194
103 92
101 172
84 143
88 147
180 158
157 138
127 173
189 104
108 84
93 122
160 49
121 144
94 31
51 43
51 140
22 5
26 12
106 182
40 112
67 138
34 187
41 179
86 10
95 30
7 60
86 35
X
94 91
78 16
10 165
73 56
49 195
183 181
11 93
X
X
8 151
183 49
170 192
78 149
123 175
66 31
188 76
34 63
189 68
50 187
147 170
81 140
93 118
54 55
84 140
193 193
X
119 187
16 73
126 97
160 57
67 40
74 86
117 9
19 153
116 12
162 124
48 154
131 159
52 78
120 147
146 21
106 140
127 23
172 106
159 96
168 76
135 132
128 97
X
141 14
160 18
85 27
X
134 190
132 110
82 86
184 155
28 129
87 7
54 164
178 76
138 171
173 188
172 192
35 155
10 30
193 115
13 53
62 143
92 184
148 171
21 147
49 155
86 27
42 116
129 50
87 149
178 18
168 62
129 192
184 151
144 33
20 186
191 57
64 191
72 6
X
36 17
86 143
102 100
162 127
52 84
112 175
42 155
6 71
66 180
137 171
41 29
133 159
118 91
175 168
63 129
189 143
101 149
122 130
135 126
71 136
104 147
151 170
136 167
137 114
16 108
102 172
40 166
72 189
161 172
25 40
120 193
107 187
167 86
41 164
125 59
157 144
6 185
53 192
88 56
189 76
2 194
128 191
X
170 177
80 39
37 173
73 185
139 91
103 27
92 120
140 91
150 171
7 71
X
51 127
5 26
77 13
75 160
X
56 164
159 40
44 75
67 46
16 27
103 127
93 89
51 35
74 185
6 184
185 151
23 36
114 179
86 68
46 106
122 80
125 147
78 100
61 188
5 58
187 18
135 70
169 138
37 169
75 162
103 60
114 91
85 163
40 170
191 86
140 160
147 159
20 153
142 42
3 194
158 104
5 98
180 157
97 167
46 37
130 182
142 197
129 188
38 63
124 70
135 173
66 2
X
5 191
100 92
179 59
10 87
41 146
71 194
5 119
98 108
178 20
90 189
27 98
116 140
33 55
102 92
51 158
8 15
X
9 154
X
169 176
8 71
97 159
155 180
55 70
170 138
41 7
64 71
X
132 127
148 144
188 18
193 130
X
160 107
159 174
32 26
33 91
110 32
187 141
154 49
194 49
69 168
15 26
69 71
137 173
106 62
123 151
X
95 140
66 37
108 123
124 130
34 54
46 43
40 87
56 113
150 118
64 163
100 147
37 181
140 173
156 72
71 71
128 36
11 151
14 102
33 17
38 51
91 121
179 54
50 195
120 130
32 5
13 55
49 10
77 83
157 194
153 171
53 3
51 146
49 106
110 140
17 53
31 190
79 138
121 124
172 40
159 171
168 133
85 99
4 39
12 4
127 175
169 102
25 191
13 15
94 89
92 140
111 132
23 15
88 59
106 17
6 77
111 167
81 54
91 2
168 178
X
162 40
96 67
29 7
54 106
86 195
44 181
187 151
X
187 168
25 147
55 163
195 56
70 164
89 170
28 147
X
162 122
125 122
138 173
2 39
162 174
108 39
195 113
107 77
32 186
4 131
163 172
71 162
103 88
70 3
169 188
135 171
54 163
179 80
5 182
183 124
117 12
127 8
104 31
X
192 41
164 57
105 31
190 78
175 197
137 96
49 158
X
168 197
53 84
X
188 41
31 147
171 76
163 169
57 73
87 84
142 104
115 51
12 142
74 163
73 190
104 158
32 155
16 179
145 64
162 93
165 82
14 24
180 2
158 194
83 138
38 39
126 179
137 144
151 171
81 56
148 170
18 165
175 172
117 162
31 91
176 138
98 5
168 40
38 181
42 119
15 119
19 165
121 162
120 39
187 157
36 75
81 49
98 7
55 110
112 32
169 119
106 47
165 172
29 119
45 62
51 55
93 140
73 189
56 187
84 142
77 189
52 166
8 98
130 191
177 109
X
25 43
192 130
163 93
X
169 144
145 118
130 179
148 160
192 2
111 190
50 192
97 97
52 155
169 50
83 86
85 143
51 18
18 116
X
12 90
13 74
68 35
163 152
92 189
94 189
12 3
53 43
19 63
31 105
X
97 189
169 51
112 176
66 172
X
159 94
6 50
151 43
148 21
190 18
51 154
143 42
X
40 63
171 28
2 133
74 100
192 115
152 28
55 146
X
34 147
159 31
118 140
6 58
178 109
14 27
86 142
15 179
48 166
121 187
69 7
183 186
24 114
105 47
X
24 123
89 149
87 35
182 138
X
54 158
155 49
148 133
110 77
107 182
89 35
148 104
38 37
24 42
54 75
56 192
43 124
X
116 176
85 73
31 7
64 143
185 138
96 69
65 71
148 55
187 65
92 182
165 60
6 131
190 119
143 40
38 68
110 157
180 54
83 73
X
40 31
170 74
170 176
87 163
121 133
176 76
23 194
103 143
3 139
155 57
43 155
106 31
87 27
56 58
81 31
109 100
194 80
106 143
88 32
86 84
14 133
104 39
X
132 191
103 176
81 77
30 87
104 142
101 189
59 7
176 118
143 43
125 179
77 46
X
101 111
X
86 120
112 190
180 36
68 102
150 160
146 36
152 43
55 108
36 49
141 92
123 162
110 73
147 92
X
X
11 37
37 56
70 127
X
52 40
44 155
X
169 178
195 127
X
34 181
X
X
17 55
26 194
135 175
188 151
52 36
75 106
108 127
X
173 12
143 190
13 142
X
172 176
95 62
X
181 108
85 21
X
30 194
29 98
48 50
X
10 168
114 12
155 144
72 65
167 60
28 49
104 89
X
115 47
82 49
76 86
33 186
X
103 149
42 63
59 158
33 53
88 10
183 50
28 13
165 174
162 12
13 191
80 13
77 186
68 46
49 104
34 194
53 140
29 105
190 178
53 136
12 151
93 65
192 86
177 60
176 154
145 32
65 77
125 170
58 139
178 154
176 81
9 50
44 166
156 179
165 118
113 140
19 156
42 179
31 87
31 125
23 16
111 149
84 81
78 102
X
133 140
65 75
16 44
33 192
62 130
139 152
131 39
53 24
100 5
107 189
68 191
89 7
34 109
143 123
193 2
150 21
89 10
159 36
81 142
103 163
121 77
28 170
50 158
122 74
38 66
52 27
11 80
150 90
38 194
94 195
136 177
93 109
157 135
133 147
5 139
57 87
41 156
4 152
125 39
37 147
188 176
109 123
115 167
100 19
43 156
71 191
194 178
40 194
105 189
109 163
153 170
X
156 124
X
114 163
74 189
31 170
171 138
87 120
183 192
63 158
64 51
41 147
13 181
7 77
158 8
159 167
159 194
180 177
51 29
144 150
191 18
83 164
130 2
44 70
54 195
102 68
97 69
93 80
66 182
76 91
X
176 130
88 27
38 56
129 162
107 60
4 77
84 68
185 155
74 91
37 88
95 24
68 37
164 160
105 55
145 30
57 192
164 171
50 75
191 130
187 21
35 105
177 130
39 15
196 183
102 106
151 90
46 42
195 60
28 40
195 2
80 60
100 149
93 84
161 127
161 137
72 152
76 33
X
93 136
14 53
66 158
29 109
178 168
115 163
X
7 58
62 127
55 155
161 189
125 129
138 162
13 102
14 39
103 142
123 176
54 109
98 53
81 125
55 171
9 46
163 174
67 102
X
145 65
158 153
19 123
61 192
43 158
160 54
X
135 140
109 133
182 177
126 130
105 26
55 55
166 174
150 20
37 49
9 128
41 194
140 162
176 168
141 120
156 49
53 181
42 96
109 19
128 189
118 92
69 3
90 169
189 174
159 173
27 74
105 71
171 20
127 39
125 76
191 187
151 136
39 39
10 128
2 41
170 76
106 13
67 131
30 98
33 160
5 154
25 53
164 159
61 146
69 75
118 163
X
48 170
169 32
171 120
98 189
124 176
158 20
176 92
3 93
155 176
142 106
X
89 2
133 110
44 179
12 152
192 22
130 183
148 134
149 88
131 115
190 174
66 13
26 123
67 133
16 152
191 177
152 133
31 109
8 77
26 40
127 88
54 187
181 2
156 144
119 184
4 184
53 179
13 77
89 109
177 138
X
40 142
78 174
146 130
31 153
11 77
147 130
71 37
183 183
168 160
56 106
X
23 41
51 21
107 13
118 167
15 133
176 172
84 102
104 37
7 10
X
3 41
138 70
130 189
105 144
161 167
76 102
X
162 167
179 27
70 60
193 32
78 106
11 68
119 163
124 113
23 182
33 155
99 195
62 95
147 162
138 182
147 189
191 174
X
70 36
86 109
117 42
113 179
120 151
23 165
158 4
127 176
166 169
144 182
X
X
111 100
76 88
98 31
193 176
55 75
147 182
X
52 68
112 121
111 147
167 189
26 53
102 89
X
42 181
181 5
7 154
171 192
51 195
172 32
79 3
90 7
24 165
79 180
135 138
172 26
105 73
122 12
172 160
86 158
71 60
11 139
X
106 73
167 32
129 179
142 150
128 67
28 44
193 187
51 51
123 10
118 47
140 41
168 120
108 77
150 164
60 158
191 178
192 174
72 162
136 73
11 154
49 194
104 35
39 147
39 44
62 188
X
118 144
130 192
41 112
49 86
34 145
53 154
125 71
36 145
29 40
193 174
59 155
90 109
39 145
23 17
79 75
33 5
140 16
139 70
11 177
41 142
159 42
61 58
121 193
171 123
160 174
56 195
105 142
130 188
109 31
9 98
193 117
169 189
63 51
181 72
195 187
X
X
93 131
161 96
185 73
192 189
159 170
161 136
X
116 143
56 36
85 35
104 72
151 164
172 53
73 60
160 20
70 17
167 87
13 177
159 8
87 109
67 172
88 35
52 55
105 186
189 157
125 100
165 179
167 179
X
100 195
X
12 105
192 18
100 7
5 117
71 102
X
26 83
151 16
85 30
42 15
147 190
51 147
146 40
3 178
16 119
192 144
98 156
119 26
69 49
141 147
107 35
26 184
4 41
157 49
175 160
30 105
139 11
88 109
58 58
85 164
X
55 166
109 35
132 100
57 106
144 123
57 182
19 151
104 162
195 32
126 39
125 37
113 149
18 179
38 147
35 51
193 189
178 121
45 105
195 118
16 191
X
X
X
110 112
119 143
108 88
193 118
X
162 120
141 160
33 63
161 170
87 158
106 55
193 60
X
39 144
76 92
151 21
99 109
33 182
194 2
X
84 86
21 151
49 15
61 93
177 18
28 43
168 122
34 77
173 192
166 171
103 106
157 69
64 75
179 39
133 165
180 76
153 28
16 177
70 128
147 161
141 197
171 146
141 143
51 194
89 147
86 81
160 167
109 169
127 170
25 123
67 105
112 186
135 100
179 92
63 192
177 81
24 15
101 195
84 93
84 136
113 147
186 73
189 192
171 72
111 31
81 143
54 44
34 186
X
21 153
173 26
104 131
27 12
63 188
179 109
44 46
121 108
71 146
57 36
155 190
1 93
69 46
40 37
104 49
113 27
34 27
39 29
86 161
88 158
170 48
56 155
31 50
189 160
38 44
119 70
114 89
112 147
41 145
119 140
23 185
67 34
104 106
138 93
165 74
43 44
43 119
136 89
X
188 118
131 109
152 21
123 154
X
18 177
77 98
110 163
90 10
52 154
178 60
54 3
170 121
84 89
89 4
33 153
69 73
X
141 175
27 53
X
151 167
71 75
85 93
X
164 172
61 177
183 136
76 146
97 84
154 136
161 138
57 140
126 71
184 192
177 168
148 162
31 53
X
43 135
113 175
190 168
73 162
70 16
116 53
143 52
52 170
31 55
32 103
126 133
123 60
106 142
X
147 38
141 162
110 147
27 123
35 147
17 179
87 93
54 147
40 165
56 3
32 87
41 166
62 58
33 195
74 56
70 166
112 112
159 153
128 50
54 179
8 58
17 121
63 155
175 171
59 130
173 189
62 177
151 182
188 175
195 57
152 16
87 81
77 157
47 51
55 195
157 124
164 170
127 120
137 103
100 134
X
68 44
152 182
164 173
7 52
X
6 139
166 173
143 147
72 166
160 8
4 174
134 191
136 109
16 174
117 7
130 4
175 170
38 182
33 184
117 186
66 121
29 146
74 29
116 163
5 174
X
113 10
144 197
98 149
48 10
192 177
28 174
40 15
162 96
44 182
14 179
74 98
10 2
125 176
109 84
18 169
X
167 182
42 66
165 86
128 71
176 197
25 15
119 47
176 62
124 110
156 176
X
156 57
19 125
73 65
187 138
25 114
X
173 197
146 147
X
96 81
166 167
106 144
157 120
52 158
191 192
34 125
63 143
X
86 102
125 145
X
113 100
X
167 183
174 32
60 155
125 77
63 15
129 163
170 179
74 82
4 148
169 20
24 195
73 152
193 175
177 197
55 179
28 15
78 83
172 162
110 169
111 140
X
74 65
173 138
158 32
142 143
61 179
110 189
107 31
125 47
172 179
112 142
116 49
X
X
128 39
X
105 27
191 160
37 73
X
1 176
61 128
105 39
70 102
175 92
117 93
193 192
X
135 176
63 177
53 86
122 144
171 18
132 169
186 171
179 60
68 177
14 191
78 107
1 161
124 99
55 24
152 171
53 47
128 23
168 33
173 160
181 179
68 192
143 65
132 159
73 191
60 83
X
182 179
112 189
54 100
16 91
27 170
17 77
26 114
115 27
35 153
62 145
6 154
70 125
45 136
28 98
127 71
143 106
85 81
76 162
119 186
55 181
109 13
135 98
132 109
142 102
123 74
18 188
177 95
17 191
75 177
X
24 19
68 57
141 164
166 172
12 133
139 9
2 193
7 104
67 17
80 16
49 153
185 167
97 80
42 44
195 128
112 35
115 53
194 32
67 180
X
128 31
196 32
14 119
X
134 77
99 164
83 82
X
13 188
101 5
97 100
99 149
17 8
64 177
67 158
12 148
X
105 152
X
20 152
186 138
143 143
5 193
31 123
142 31
4 121
57 181
147 52
25 169
141 195
129 49
143 31
64 192
45 156
186 172
56 84
183 190
35 181
150 161
18 152
166 2
174 197
98 51
72 188
20 148
105 162
153 95
30 94
192 32
56 179
174 162
145 143
110 84
X
55 147
34 66
75 163
86 191
58 140
138 109
4 139
193 144
155 5
X
136 70
21 152
132 163
34 17
179 30
54 170
25 148
19 61
28 148
103 97
42 166
87 164
X
64 145
54 24
37 89
68 179
X
46 66
161 32
7 171
85 82
43 166
117 27
194 180
X
73 166
49 47
189 80
10 50
X
55 145
177 172
135 77
24 185
178 122
152 88
175 9
72 63
134 100
13 193
161 174
32 123
79 177
125 27
156 190
26 169
X
17 174
120 149
186 167
19 8
74 34
X
49 17
177 141
169 30
192 40
117 53
18 174
141 173
107 86
169 197
160 190
194 88
126 176
53 194
135 11
28 123
137 176
5 151
43 181
149 162
143 102
134 39
124 149
X
116 51
144 106
158 15
78 46
67 35
164 161
5 178
154 72
160 12
110 13
74 63
120 13
27 114
193 18
177 144
25 41
40 196
130 163
61 155
90 177
159 21
104 68
44 44
157 70
170 65
99 108
48 156
29 33
79 28
124 100
184 136
19 121
194 60
158 21
140 89
169 28
142 184
61 181
161 8
128 47
73 192
63 145
X
12 85
72 194
181 177
67 37
74 166
169 140
24 17
31 174
117 140
183 177
14 188
11 178
X
185 136
66 177
4 176
91 63
X
109 187
169 181
92 177
25 185
21 8
125 35
112 31
124 60
79 46
59 58
148 164
129 31
66 75
91 177
71 149
174 160
61 147
34 192
X
75 98
52 153
187 171
190 79
110 142
127 113
63 179
36 105
176 18
3 137
157 133
85 68
194 113
75 179
190 171
122 162
103 68
120 187
105 68
119 27
147 114
66 179
154 104
40 62
X
36 174
38 49
165 169
188 172
183 179
55 3
28 114
187 170
86 192
31 33
137 119
136 77
52 195
104 109
7 168
32 125
126 49
23 8
15 77
162 38
105 49
22 139
138 77
22 152
6 174
X
X
194 144
158 60
141 93
96 63
176 170
191 60
20 33
85 154
90 193
19 169
130 159
98 100
X
X
161 21
99 153
191 179
126 27
139 176
42 75
60 58
22 147
43 66
75 63
5 121
120 122
12 175
35 139
154 82
56 166
57 179
76 145
20 5
160 13
23 193
139 173
56 170
160 21
3 176
29 114
X
65 177
126 47
105 153
84 75
45 44
103 51
93 184
71 39
81 3
192 60
76 89
116 68
5 184
69 105
2 176
69 170
57 24
91 189
183 31
177 62
99 5
188 167
X
12 15
92 118
192 171
105 97
87 68
109 77
23 33
131 55
144 102
87 82
106 39
34 148
114 10
108 31
2 93
160 194
121 149
145 150
118 68
165 155
X
26 185
X
128 45
90 147
53 15
104 179
23 151
174 138
3 190
36 55
62 147
112 131
141 176
12 139
57 58
20 102
159 120
118 162
39 41
13 178
90 158
134 73
151 28
107 17
7 113
28 41
14 142
75 29
119 162
186 100
3 172
97 82
80 46
187 160
141 90
96 166
112 134
81 46
145 106
3 184
177 140
174 146
55 106
89 56
53 182
84 164
15 193
194 179
126 37
196 60
78 146
154 103
3 161
133 163
109 131
125 149
8 154
16 175
129 47
71 147
81 28
121 186
17 123
56 24
11 176
X
28 169
120 131
5 172
14 193
144 143
143 68
7 85
X
90 192
36 181
121 142
116 47
130 63
86 93
56 75
112 140
125 124
42 37
15 191
78 98
14 74
146 143
126 131
143 39
118 51
X
126 35
29 138
80 58
34 105
22 26
189 172
188 170
172 109
53 195
55 194
26 193
195 179
138 89
18 175
9 101
137 140
66 35
31 66
66 49
54 5
86 154
40 174
185 76
27 85
68 72
153 37
97 81
8 168
63 114
7 174
182 92
126 170
187 140
158 49
17 152
53 174
56 153
132 131
140 180
125 51
127 50
166 161
25 44
55 174
100 166
X
193 86
27 172
188 160
6 98
X
X
X
76 46
121 140
190 73
59 156
158 124
31 152
151 181
44 119
119 195
72 186
115 12
165 117
143 53
16 188
87 146
120 70
102 71
171 189
160 55
157 136
51 174
57 194
166 60
11 128
102 7
168 161
55 53
68 194
162 21
114 166
52 147
139 162
55 17
23 184
93 24
83 3
11 180
129 51
32 194
4 137
31 195
142 39
7 98
79 158
146 53
29 148
34 184
127 27
20 121
172 47
35 184
187 22
120 143
5 71
67 177
127 4
61 156
75 80
101 12
146 106
17 188
36 139
187 172
158 120
126 51
103 125
166 85
120 140
4 161
X
70 57
104 111
178 172
91 131
87 3
X
24 151
120 195
124 121
56 158
112 113
49 166
123 133
30 146
186 136
140 77
121 143
169 47
13 13
143 45
33 50
34 195
64 155
55 5
36 148
6 137
156 5
71 3
30 148
120 43
88 154
162 190
88 149
32 152
77 55
18 121
29 161
72 147
138 169
63 95
66 181
157 5
140 70
75 105
78 145
50 114
152 51
172 138
74 81
149 169
87 145
28 50
X
X
111 138
150 116
161 77
124 71
167 190
17 169
12 154
74 158
72 66
119 153
148 106
X
114 93
33 152
194 86
51 119
16 137
31 8
16 105
73 63
190 172
88 145
33 125
36 147
124 68
102 108
157 106
106 162
192 11
47 119
16 178
70 75
32 185
196 97
170 182
25 165
64 114
124 133
122 104
63 147
40 148
100 164
86 164
88 7
71 128
161 94
148 166
90 146
191 170
86 170
X
177 170
20 119
128 84
17 180
130 27
194 183
55 182
89 154
35 77
X
13 139
141 163
180 30
124 47
10 113
30 33
192 182
133 149
85 58
7 146
46 44
173 162
127 124
21 36
143 83
163 94
87 192
63 156
X
143 191
104 47
189 167
53 5
X
172 146
150 117
197 182
38 169
23 61
110 130
166 135
76 105
110 31
106 124
X
194 97
106 75
29 41
127 97
179 186
167 161
143 195
17 125
103 153
147 143
77 145
51 24
129 67
88 68
26 165
158 5
168 60
89 158
36 50
151 39
72 146
114 175
152 39
154 142
176 20
121 13
187 167
17 137
155 142
17 156
81 55
187 136
25 195
174 31
51 33
128 100
88 102
160 51
14 139
159 18
143 189
137 89
164 169
152 82
31 94
25 151
137 77
154 144
110 118
118 195
38 184
95 158
120 163
75 119
16 92
79 179
180 186
178 95
12 176
42 36
4 190
137 149
91 158
26 181
30 193
75 174
151 176
128 37
33 123
136 171
178 170
172 163
42 2
59 2
61 2
70 2
74 2
76 2
167 2
178 2
9 3
41 3
72 3
164 3
191 3
76 3
56 4
147 6
171 6
74 5
101 8
125 8
190 8
12 9
18 9
41 9
43 9
90 9
136 9
162 9
188 9
87 10
95 12
191 12
80 15
136 15
155 15
46 6
6 16
42 16
177 16
19 17
25 17
40 17
51 17
53 17
65 17
85 17
100 17
109 17
32 18
84 18
96 18
134 18
187 19
137 18
1 21
19 21
4 24
125 9
24 24
122 24
124 24
17 25
21 25
126 26
33 27
39 27
75 27
192 8
86 19
99 27
80 1
180 27
32 28
50 14
53 28
88 28
113 28
129 28
49 29
177 29
30 30
124 30
126 30
196 31
62 32
78 32
142 32
35 33
79 33
87 17
20 34
65 34
78 34
76 36
122 27
111 36
117 37
138 21
112 37
169 33
23 28
127 37
188 37
60 6
147 18
110 38
147 39
174 33
154 39
90 40
159 15
73 3
161 40
30 31
41 28
172 21
76 6
191 5
49 41
31 31
194 5
134 41
154 41
93 40
174 6
1 42
13 42
34 31
178 3
40 43
127 12
138 43
153 43
69 44
9 48
55 48
68 48
88 30
167 48
161 10
118 49
182 28
43 2
177 30
95 50
137 10
79 34
2 43
155 40
149 7
154 50
147 8
156 50
76 51
87 21
88 51
127 31
61 3
5 24
194 51
115 28
36 52
38 52
17 42
47 52
119 52
92 22
117 28
152 52
156 52
96 52
190 52
80 34
24 26
28 53
180 4
118 53
125 13
141 53
189 37
17 54
5 21
127 14
107 55
134 55
119 56
61 6
65 15
131 56
40 44
156 56
21 21
55 14
101 24
89 51
40 19
196 56
111 39
98 12
16 57
177 31
179 20
179 5
81 57
181 35
169 57
8 11
118 28
36 53
38 54
22 21
172 48
193 57
121 56
68 58
9 5
123 28
74 58
65 18
77 58
123 59
59 8
77 36
6 21
106 58
62 11
167 59
62 33
119 53
156 60
8 61
21 61
181 48
105 24
56 61
97 18
23 62
61 62
10 29
128 62
21 65
156 53
190 48
32 65
167 5
96 65
55 44
188 38
147 65
171 65
155 37
10 49
156 3
137 24
197 56
184 35
126 52
188 65
64 11
41 66
93 66
44 2
4 25
13 67
53 67
119 67
126 67
92 68
191 35
106 68
144 68
95 22
80 37
65 20
150 18
154 68
110 19
80 4
97 13
42 69
43 10
44 69
172 8
83 69
116 69
146 68
109 55
157 63
189 41
155 41
177 69
128 70
27 72
69 20
146 75
193 52
116 24
55 49
165 75
145 31
33 28
15 67
132 58
129 62
42 76
79 14
50 76
189 10
124 76
83 44
70 47
159 77
129 52
156 54
162 18
105 59
121 37
107 73
116 70
104 28
161 74
163 77
29 72
97 67
197 60
191 14
38 70
170 46
105 28
173 51
168 59
176 77
13 79
169 72
88 52
24 80
132 62
76 80
115 80
63 49
149 9
74 6
82 1
111 74
176 78
123 80
77 60
154 69
139 80
170 53
116 6
175 10
83 47
93 81
114 81
189 81
34 75
194 81
180 69
41 82
117 82
132 54
161 82
111 77
55 50
76 82
119 49
134 58
152 83
16 76
128 64
13 68
117 84
76 38
122 84
96 62
21 85
17 68
117 43
31 63
7 86
57 34
114 82
53 20
12 86
141 54
181 39
166 82
27 86
33 87
5 73
69 87
181 81
184 39
101 64
12 6
81 87
70 49
90 4
84 87
101 13
110 87
189 82
141 80
164 87
30 88
54 7
154 88
45 10
181 82
174 12
64 6
93 68
185 88
192 88
53 89
169 31
153 57
30 72
76 29
30 89
61 7
60 89
45 3
69 88
98 89
169 61
20 60
100 89
14 51
115 89
117 47
46 10
28 51
71 5
31 89
97 14
152 89
42 90
49 90
156 70
74 90
92 25
91 90
104 90
174 51
147 68
146 54
118 82
94 25
136 90
32 66
36 51
12 40
192 37
138 90
110 88
149 91
151 38
22 65
94 83
171 31
101 25
4 92
92 42
165 78
19 20
177 92
86 32
177 71
185 90
120 68
190 82
62 93
169 87
99 14
67 15
88 93
166 84
170 38
115 93
118 93
30 76
1 94
163 86
41 94
17 45
179 49
114 94
179 95
193 95
102 5
118 89
190 22
11 12
76 7
85 72
13 9
57 23
116 95
70 88
61 96
13 69
75 96
62 34
35 73
81 73
125 56
37 75
45 70
142 80
12 87
141 96
110 56
132 64
93 43
170 61
25 81
113 25
160 96
61 12
175 96
138 23
80 38
115 82
182 96
33 97
50 86
71 76
190 76
142 96
13 14
150 93
78 39
30 45
98 69
84 97
71 7
170 88
162 10
175 12
149 95
54 69
78 82
127 47
98 97
31 98
12 88
30 90
50 90
148 76
125 45
95 98
11 90
126 98
139 73
41 87
172 61
152 93
5 99
49 9
19 100
30 46
140 94
69 90
167 47
71 70
2 95
89 32
41 85
42 46
191 82
52 100
13 71
146 55
42 18
75 100
64 97
185 92
105 100
99 97
20 100
133 100
138 24
136 100
7 50
166 100
187 100
27 83
14 46
84 90
24 16
71 86
115 25
141 73
169 91
184 25
168 100
162 13
88 95
78 101
122 30
44 63
65 51
22 100
141 83
137 91
186 92
177 97
102 101
109 101
132 101
82 77
91 91
175 101
12 93
180 101
186 101
144 52
90 102
134 102
63 46
104 34
72 86
53 40
55 51
152 84
23 87
159 102
189 102
25 87
6 100
42 85
113 7
128 65
159 29
152 85
40 88
67 103
142 89
5 102
146 103
189 18
190 103
13 104
22 102
99 92
125 31
88 71
132 65
15 104
108 35
31 104
179 52
118 94
125 78
102 64
88 1
127 1
183 52
42 94
54 104
33 89
138 14
5 28
118 104
121 57
143 56
167 104
40 75
155 83
168 73
119 59
88 96
168 104
176 104
51 75
46 63
119 60
32 105
137 100
49 105
42 91
65 105
180 93
147 90
71 105
135 105
167 56
178 105
12 106
158 106
14 36
175 106
97 17
49 107
162 14
75 107
43 36
15 93
53 75
25 16
91 54
169 56
74 88
36 108
57 108
146 57
118 106
87 108
100 108
77 96
57 75
33 90
103 108
169 108
141 58
45 109
91 109
170 108
195 93
97 109
115 84
32 33
190 105
102 109
86 110
75 88
170 62
5 77
78 12
104 51
120 12
88 111
55 20
102 110
136 111
42 112
99 112
108 13
102 111
108 112
186 77
103 101
128 1
44 48
171 108
38 113
40 113
52 113
123 84
147 78
108 86
66 34
190 100
21 66
91 93
175 83
122 113
49 48
131 113
156 101
132 102
98 17
61 8
5 104
85 97
7 114
173 63
25 50
30 114
57 20
78 96
132 105
65 114
158 108
93 110
171 73
149 114
169 41
157 13
194 29
187 73
12 84
23 66
33 94
192 56
49 108
8 14
69 114
173 64
162 20
13 106
189 114
144 36
106 71
195 114
66 38
15 102
145 23
133 113
31 114
146 58
16 115
26 115
101 88
42 115
94 33
137 105
146 59
17 6
167 102
86 112
161 115
195 29
64 46
169 109
188 115
27 16
118 107
106 51
66 46
43 96
9 14
44 97
56 69
25 116
193 94
6 117
67 36
110 86
150 78
116 86
196 29
11 14
169 52
26 116
145 117
98 6
42 98
179 117
16 118
134 103
66 8
9 110
156 1
87 112
24 118
88 72
52 118
104 64
104 60
68 118
67 106
93 93
107 118
132 40
93 63
29 8
141 94
147 59
148 118
152 94
188 116
121 60
93 111
178 118
183 101
45 119
17 115
76 50
97 85
22 103
176 101
160 105
57 110
178 38
65 119
76 119
55 118
87 114
169 104
91 119
176 119
61 97
124 88
17 46
100 6
33 26
147 119
65 116
64 120
75 120
63 97
31 117
68 106
150 114
138 120
145 120
46 110
7 121
31 121
136 121
84 77
171 74
187 77
55 115
171 121
52 116
4 122
42 122
38 116
188 77
106 122
130 26
64 16
32 20
86 30
196 94
189 118
105 72
134 40
11 39
18 72
122 122
106 16
55 116
190 117
183 122
169 26
144 40
8 121
30 8
124 90
20 123
178 26
180 95
86 123
118 108
78 50
19 104
30 116
33 110
83 50
177 119
44 112
195 95
33 32
133 54
171 110
105 123
158 40
8 117
145 21
137 123
107 122
13 48
54 120
158 1
145 123
44 114
33 8
160 123
169 123
39 124
50 124
25 119
147 23
41 8
93 124
115 50
184 29
106 72
177 124
41 124
179 124
24 125
166 86
67 31
67 75
87 123
146 102
15 74
66 119
132 42
187 106
38 125
139 77
141 42
181 54
8 119
20 125
71 125
43 122
55 102
164 60
70 119
110 113
28 78
68 75
78 125
30 64
120 125
69 91
161 36
182 54
141 77
43 86
26 121
119 51
66 39
146 64
127 125
117 86
183 54
38 64
28 126
182 26
31 126
79 120
193 56
34 126
180 109
147 21
49 55
50 126
6 15
136 126
190 126
138 123
158 109
75 91
194 126
122 107
26 81
30 65
34 127
91 123
178 36
183 108
67 119
54 127
49 110
59 127
96 31
29 117
33 108
20 115
81 127
27 121
17 24
145 119
174 78
104 127
90 120
17 48
22 24
189 127
191 127
12 128
13 108
160 124
107 127
68 40
151 42
72 128
78 128
110 16
110 110
2 91
182 117
69 92
158 128
160 128
182 95
86 99
170 40
155 105
142 16
92 123
123 109
160 42
162 128
131 51
9 129
34 108
26 129
28 119
78 97
143 94
41 15
1 41
88 124
168 64
92 129
127 110
163 110
60 130
109 39
94 130
42 88
16 102
181 119
43 116
139 75
98 130
123 124
16 74
74 127
144 39
103 130
100 130
127 121
41 128
136 130
148 130
161 130
162 129
184 26
136 98
181 122
178 130
47 122
189 129
177 101
176 60
53 55
190 130
127 112
194 130
12 131
93 120
51 48
68 131
72 131
92 131
162 110
104 88
53 48
42 89
94 131
76 30
98 131
6 47
30 119
11 87
14 132
182 36
73 132
33 33
184 30
184 36
75 132
91 132
98 132
44 122
145 132
24 126
166 132
153 88
33 20
136 128
20 117
74 92
167 132
104 130
51 15
175 132
179 101
114 8
24 128
135 110
147 106
192 36
75 93
8 122
97 99
184 31
136 113
92 124
16 133
102 133
151 133
153 133
63 127
73 131
158 133
145 133
25 47
43 123
29 95
178 132
14 37
149 21
166 133
38 41
40 91
55 43
13 134
93 133
14 134
138 113
65 47
179 78
74 102
138 114
15 134
159 75
26 134
17 79
43 125
76 93
29 134
42 134
55 103
77 102
11 132
169 21
57 134
98 133
101 134
103 134
5 61
76 122
15 80
109 134
178 119
100 8
110 134
70 131
36 19
146 134
170 132
52 104
177 134
54 124
102 130
136 110
162 8
178 134
24 135
27 135
