6257
3556 1124 1703
5667 1132 1693
5330 1122 1665
5967 1091 1703
5904 1128 1646
5000 1145 1667
2879 1126 1703
2925 1099 1697
53 1114 1665
3344 1087 1687
273 1103 1691
5050 1142 1639
550 1149 1638
2955 1158 1651
419 1096 1633
2145 1082 1646
4659 1109 1626
3657 1092 1646
1472 1157 1645
1725 1151 1639
5604 1517 1618
4933 1532 1630
4586 1507 1636
2485 1481 1610
4680 1520 1637
2467 1483 1617
4258 1528 1624
2037 1502 1636
1999 1517 1641
581 1490 1660
2897 1528 1666
5853 1519 1653
806 1483 1644
4281 1490 1656
3946 1481 1644
1429 1530 1658
5065 1513 1641
1525 1500 1595
1347 1513 1650
5656 1512 1597
5364 1516 1633
261 1520 1620
6047 1504 1627
5716 1512 1660
4762 1478 1629
5913 1518 1602
5225 1534 1652
4889 1524 1628
6196 1506 1592
3157 1479 1618
5247 1474 1641
5480 1474 1629
4228 1523 1607
4555 1501 1657
6023 1494 1663
388 1128 1607
350 1505 1638
195 1505 1641
1989 1130 1607
2747 1531 1646
4528 1494 1657
106 1496 1639
2528 1495 1649
2209 1479 1654
71 1503 1635
4409 1467 1647
1537 1520 1660
4180 1507 1669
91 1515 1551
3771 1474 1554
4361 1020 1660
3811 1395 1662
1144 1544 1641
1747 1390 1664
3751 1483 1572
121 1401 1656
239 992 1658
5583 1498 1588
1252 1413 1665
6149 1543 1673
1438 1513 1559
2593 1534 1681
2407 1487 1623
115 1497 1630
1508 1540 1613
499 1493 1625
5892 1520 1594
6103 1414 1664
5599 1399 1660
3081 1115 1600
477 1184 1626
4763 1188 1636
2561 1497 1563
4198 1169 1619
2637 1488 1577
1403 1585 1769
3816 1398 1685
2228 1406 1675
78 1155 1592
5828 1567 1667
2752 1202 1634
101 1585 1667
2294 1360 1645
1577 1534 1542
1050 1564 1721
527 1567 1710
5973 1589 1704
286 1572 1676
5222 1412 1530
5051 1577 1691
136 1367 1659
3334 1513 1523
3837 1578 1708
189 1564 1688
102 1379 1658
1687 1550 1705
5445 1544 1554
5216 1577 1701
6 1588 1698
4794 1522 1528
4018 1582 1679
4515 1554 1716
5298 1397 1649
3381 1582 1660
6217 1420 1544
132 1420 1547
1016 1588 1684
4787 1570 1650
2733 1565 1709
2922 1575 1654
244 1568 1659
2826 1179 1601
2039 1405 1534
471 1379 1656
2516 1413 1690
4125 1547 1732
5025 1427 1683
6129 1190 1615
833 1560 1660
6161 1555 1696
6032 1395 1676
2755 1374 1645
2443 1379 1673
2529 1408 1563
3962 1425 1684
2531 1564 1701
4807 1416 1522
4530 1415 1546
745 1390 1679
1981 1402 1544
9 1576 1667
3391 1391 1644
1902 1555 1655
4384 1351 1663
1349 1552 1726
2449 1579 1657
411 1416 1683
1814 1135 1586
2701 1415 1683
4598 1414 1679
2458 1369 1664
3671 1550 1689
5598 1551 1724
5120 1550 1691
3697 1183 1607
2982 1421 1671
3843 1575 1718
2951 1549 1722
5417 1565 1674
435 1169 1601
1751 1585 1714
26 1556 1652
4407 1574 1725
4750 1574 1729
2872 1045 1544
347 1584 1718
3103 1561 1739
494 1200 1618
4072 1577 1718
788 1374 1673
1220 1182 1726
2099 1386 1683
128 1186 1734
3911 1186 1735
2850 1509 1518
3656 1558 1676
6226 1528 1534
2870 1567 1732
1362 1383 1644
3025 1421 1682
4088 1042 1542
1339 1579 1675
1588 1381 1528
478 1476 1740
59 1383 1525
5751 1547 1797
4600 1633 1670
5176 1604 1704
3101 1611 1667
2559 1289 1524
2912 1624 1663
3079 1534 1705
6114 1603 1678
2608 1619 1670
3023 1599 1690
525 1601 1696
24 1589 1656
1002 1586 1651
4263 1309 1562
5845 1396 1556
3236 1612 1671
4431 1598 1706
6252 1412 1519
4573 1610 1704
605 1536 1527
3919 1528 1525
4921 1522 1515
5609 1556 1558
4257 1442 1526
2939 1514 1707
1146 1559 1557
5895 1042 1523
4920 1541 1710
4470 1535 1520
4512 1420 1513
3176 1490 1719
1174 1374 1547
1907 1608 1656
3390 1607 1660
652 1524 1707
1026 1385 1535
2656 1555 1801
3453 1440 1534
3387 1386 1551
3483 1599 1654
727 1390 1526
3691 1598 1712
1874 1591 1721
3552 1601 1651
1743 1323 1564
5868 1474 1735
1226 1605 1654
564 1402 1517
994 1554 1541
4831 1604 1657
3184 1540 1699
3544 1626 1668
1155 1083 1599
6092 1554 1793
317 1304 1579
3276 1545 1531
938 1406 1518
5316 1594 1690
418 1396 1516
1812 1298 1563
3750 1073 1603
1137 1505 1714
4816 1517 1512
6162 1556 1544
3331 1397 1551
3180 1583 1648
2665 1040 1530
5872 1551 1561
1735 1605 1700
5363 1588 1640
2903 1384 1554
4692 1486 1726
4743 1398 1553
816 1551 1538
5028 1589 1648
2015 1410 1508
2342 1597 1665
1800 1559 1566
2097 1436 1533
5696 1454 1729
613 1283 1533
6099 1522 1702
5557 1321 1556
2996 1486 1724
3969 1611 1689
2609 1517 1702
6039 1469 1722
5155 1072 1598
723 1393 1519
210 1461 1716
4865 1641 1668
3240 1295 1538
6104 1327 1552
2222 1401 1522
2573 1400 1510
4810 1615 1658
5081 1551 1796
4950 1475 1722
5815 1388 1537
6079 1518 1516
32 1536 1697
3663 1399 1575
6070 1621 1666
5978 1293 1537
2940 1541 1533
3442 1630 1664
3701 1381 1536
276 1518 1713
400 1604 1717
363 1297 1567
582 1523 1521
5144 1032 1531
4890 1390 1544
2901 1394 1530
329 1497 1711
848 1519 1713
3530 1430 1539
3159 1389 1546
5044 1537 1718
4428 1415 1515
1717 1553 1547
4272 1594 1650
2004 1434 1537
28 1590 1652
3565 1592 1650
5029 1566 1800
5775 1602 1660
6167 1497 1720
4451 1590 1673
4367 1310 1550
1488 1591 1673
2413 1603 1710
242 1393 1548
2944 1523 1711
5315 1579 1640
2772 1326 1548
3389 1384 1540
1257 1602 1707
5113 1584 1637
2280 1102 1593
2921 1301 1574
155 1109 1583
5127 1501 1715
3406 1627 1699
5742 1456 1513
539 1361 1521
2164 1609 1712
5220 1629 1694
3715 1367 1511
250 1108 1555
3233 1614 1726
5419 1640 1694
1792 1304 1518
410 1549 1526
2864 1617 1726
547 1063 1590
5982 1322 1570
5361 1651 1679
2966 1527 1729
192 1368 1564
5147 1039 1606
99 1539 1733
5338 1613 1728
5745 1304 1523
780 1295 1513
2268 1566 1557
2878 1262 1548
5969 1638 1679
5910 1562 1543
2425 1307 1501
5623 1039 1511
2224 1658 1657
3380 1437 1516
194 1626 1687
2424 1316 1582
1955 1543 1520
381 1641 1652
1345 994 1734
5864 1609 1737
476 1613 1647
1657 1560 1549
4856 1072 1548
4965 1508 1717
5893 1552 1520
4420 1064 1564
464 1063 1550
634 1521 1505
1044 1528 1515
830 1514 1720
170 1544 1736
199 1272 1524
2477 1571 1553
1237 1518 1506
2749 1625 1696
515 1602 1640
366 1406 1493
4231 1082 1592
5351 1625 1704
5979 1539 1514
5554 1573 1635
4078 1572 1548
5185 1618 1711
44 1664 1666
2782 1537 1726
1492 1619 1715
2604 1068 1541
3963 1448 1517
1297 1558 1805
5048 1500 1722
967 1362 1763
5685 1138 1551
4163 1605 1735
4221 1098 1580
637 1116 1572
4002 1035 1761
181 1509 1729
2287 1282 1515
1755 1531 1736
3583 1516 1508
4863 1559 1807
3747 1032 1609
2905 1561 1561
1290 1450 1511
1350 1280 1502
1675 1614 1701
4255 1569 1573
2560 1041 1600
6248 1051 1597
1145 1312 1506
1723 1276 1545
3855 1526 1508
4040 1302 1507
2838 1269 1522
626 1575 1586
2611 1414 1494
325 1053 1557
3611 1311 1512
3820 1550 1517
2032 1553 1527
4413 1552 1805
207 1462 1512
603 1582 1575
787 1262 1537
5302 1287 1499
4846 1440 1510
2500 1032 1523
731 1439 1520
4131 1103 1553
1732 1410 1495
2980 1295 1495
1616 1531 1725
3005 1440 1520
5407 1560 1530
3588 1451 1520
2044 1518 1732
3247 1114 1563
805 1572 1563
1669 1225 1714
595 1421 1499
1652 1537 1742
764 1057 1536
367 1622 1716
5924 1127 1566
1969 1614 1695
1092 1268 1527
1466 1616 1714
3704 1570 1559
5331 1291 1505
4757 1058 1596
3654 1132 1555
6197 1556 1531
4057 1448 1507
2857 1513 1725
1578 1120 1550
2059 1458 1509
202 1308 1510
4655 1050 1607
3560 1460 1507
5820 1262 1542
3269 1048 1594
2396 1551 1808
2373 1532 1512
4738 1537 1517
1103 1547 1515
3317 1548 1812
6218 1434 1520
3059 1613 1717
5349 1045 1515
4796 1048 1615
3294 1606 1729
4713 1602 1736
4074 1456 1518
4616 1525 1735
4156 1569 1806
5504 1046 1514
5749 1541 1745
2688 1542 1802
1935 1268 1532
3030 1522 1510
625 1548 1805
3913 1271 1537
4039 1609 1720
5252 1606 1740
803 1288 1506
5664 1445 1514
4532 1015 1590
5038 1538 1738
1458 1096 1558
2907 1506 1721
1543 1527 1504
5272 1069 1569
3824 1565 1538
6130 1559 1524
3117 1068 1560
4145 1564 1570
857 1050 1602
839 1621 1713
1149 1267 1515
746 1531 1730
3258 1020 1535
4047 1615 1708
2303 1575 1582
3543 1533 1740
3912 1012 1598
6078 1565 1576
234 1565 1564
4030 1105 1563
2174 1543 1811
1813 1108 1565
4197 1110 1576
2946 1047 1579
532 1297 1500
682 1027 1528
5781 1131 1561
2238 1440 1782
3104 1382 1468
5067 1339 1457
676 1059 1521
2227 1567 1525
3541 1383 1796
4758 1558 1508
3515 1506 1510
3906 1549 1825
843 1412 1482
1910 1584 1548
2995 1254 1523
3208 1580 1814
6021 1500 1875
1958 995 1595
5245 1547 1509
4388 1544 1510
663 1583 1556
4770 1431 1505
5320 1317 1502
2451 1545 1819
6249 1027 1583
2518 1571 1818
4534 974 1605
648 1569 1817
4914 1591 1570
5935 1521 1735
5758 1543 1760
707 1451 1499
3706 1321 1500
403 1586 1571
5159 1249 1534
5091 1576 1534
3351 1460 1496
4085 1051 1549
2318 1316 1492
217 1407 1765
3394 1046 1570
5540 1415 1769
5313 1258 1544
2378 1410 1793
5257 1437 1796
3230 1422 1507
4727 1032 1594
3525 982 1589
3396 1322 1479
1355 1404 1477
6238 1538 1503
1280 1147 1533
1201 1336 1478
5532 1487 1882
4348 1461 1500
778 1395 1471
3242 1571 1530
5448 1335 1456
135 1356 1464
3020 1319 1482
354 1523 1501
230 1438 1784
2160 1333 1490
1571 1507 1514
5078 1427 1779
3539 1427 1765
619 1505 1515
1639 1399 1478
3600 1505 1875
90 1432 1773
1703 1041 1595
3629 1028 1589
2906 1615 1742
4374 1341 1471
1531 1587 1587
1546 1592 1573
3623 1482 1873
3741 1273 1506
2648 1534 1753
295 1502 1858
1335 1343 1463
1071 1578 1532
4710 1393 1479
2835 1510 1859
2386 1578 1552
2644 1529 1744
1171 1427 1501
3758 1391 1472
5643 1557 1521
3146 1013 1567
3100 1507 1741
5080 1250 1546
4311 1584 1594
2647 1578 1565
3917 1249 1525
3524 1440 1770
1714 1533 1504
3436 1632 1716
669 1626 1713
1048 1629 1721
5108 1514 1741
2014 1046 1500
2456 1055 1530
4052 1132 1545
4225 1252 1528
4913 1549 1505
1754 1516 1501
538 1399 1486
819 1633 1713
284 1624 1734
5166 1512 1874
5636 1632 1720
1386 1452 1503
812 1514 1857
3643 1553 1826
4720 1496 1863
4358 1558 1826
879 1132 1529
3409 1577 1557
6148 1370 1456
5711 1568 1519
5800 1570 1520
3229 1508 1868
2734 1313 1486
3415 969 1614
3668 1566 1532
3624 1326 1493
2447 1027 1515
2030 1410 1485
6087 1575 1558
1696 1131 1533
2246 1388 1466
4224 1255 1551
1737 1306 1480
6058 1616 1745
3222 984 1586
800 1023 1588
2722 1437 1498
3468 1569 1523
2035 1469 1502
5117 1406 1788
294 1012 1537
1444 1317 1489
2163 1560 1824
4551 1555 1514
431 1531 1823
3041 1375 1457
523 1349 1474
2231 1062 1527
4714 1403 1485
405 1080 1537
501 1457 1495
164 1020 1555
4935 1041 1584
372 1578 1539
6237 1544 1504
5550 1285 1497
4504 1519 1502
218 1516 1735
3983 1492 1879
5094 1312 1474
5466 1599 1621
783 1262 1521
4036 1341 1467
5516 1554 1518
2517 1349 1467
1666 1468 1505
4033 1313 1497
6124 1113 1544
6180 1504 1734
1964 1301 1485
3846 1506 1738
5890 1526 1742
902 1396 1483
1168 1082 1532
4326 1443 1787
1834 1279 1490
1938 1520 1742
3714 1588 1577
221 1006 1589
5456 1116 1541
2040 1505 1852
2490 1415 1488
5684 1425 1503
6150 1627 1717
658 1355 1455
3121 1091 1532
1872 1327 1489
4952 1582 1543
5279 1621 1736
2206 1444 1783
1658 1524 1496
4966 1583 1579
5616 1328 1486
5728 1553 1508
3106 1568 1534
954 1570 1539
691 1581 1566
3772 1503 1865
3687 1284 1486
1496 1537 1827
3522 1537 1828
2112 1346 1460
1015 1361 1782
5235 1336 1465
1278 1575 1545
6177 1287 1490
2237 1562 1515
300 1433 1503
794 1530 1497
3325 1043 1582
1374 1263 1516
3939 1332 1473
5739 1586 1565
1848 1533 1827
601 1636 1716
4829 992 1582
3045 1595 1569
901 1128 1531
751 1414 1762
1552 1513 1511
4678 1009 1735
6160 1597 1628
6085 1424 1510
360 1258 1530
2503 1582 1589
4661 1076 1533
5478 997 1579
3494 1500 1737
4542 1552 1511
2358 989 1584
6025 1611 1743
5976 1329 1467
5063 1036 1576
1870 1521 1499
4860 1076 1528
3177 1419 1751
1779 1309 1496
3153 1406 1484
3548 1022 1516
3355 1354 1469
895 1068 1528
1467 1503 1871
2430 1518 1740
2365 1348 1464
2704 1271 1498
1225 1340 1479
1604 1038 1588
4089 1326 1483
1908 1416 1785
5057 1576 1633
3161 1014 1574
2320 1538 1823
5229 1537 1507
3328 971 1609
4800 1025 1594
301 1428 1506
3513 1495 1859
785 1010 1573
993 1589 1574
4371 1337 1472
2080 1036 1508
4006 978 1714
4472 1363 1793
3994 1581 1635
2739 983 1720
5724 1400 1474
1431 1267 1508
5807 1530 1752
1782 1588 1583
941 1543 1749
440 1318 1475
3055 1557 1820
2805 1006 1582
2979 1431 1788
5433 1414 1485
5559 1562 1527
4850 1343 1454
2777 1579 1632
2532 1310 1483
1712 1413 1776
4488 1422 1484
17 1563 1506
4279 1468 1493
4978 1468 1771
4009 1670 1698
4108 1626 1736
909 1462 1807
4135 1610 1615
2166 1448 1805
1968 1399 1456
1837 1411 1807
1939 1451 1488
439 1472 1818
959 1470 1830
1420 1462 1823
5016 1463 1869
528 1461 1889
4823 1480 1810
4718 1521 1844
447 1104 1528
5266 1437 1813
1522 1447 1809
4866 1010 1556
608 1536 1847
4330 1442 1855
2680 1258 1700
5194 1434 1886
1756 1266 1489
5782 1562 1495
4525 1631 1729
5308 1566 1824
5569 1463 1488
753 1536 1834
352 1141 1527
1975 1395 1454
4971 1483 1759
4356 992 1565
460 1488 1493
4152 1607 1614
5236 1381 1832
2814 1592 1537
1853 1621 1745
1188 1594 1550
2277 1589 1561
5762 1511 1840
3479 1553 1493
4698 1456 1874
5729 974 1590
98 1652 1716
1728 1266 1496
2621 1449 1820
1674 1248 1514
5268 1522 1764
2825 1419 1841
4253 1633 1731
2783 1519 1751
315 1572 1506
3869 1598 1555
130 1437 1863
3495 1256 1503
4873 1154 1536
4751 1565 1512
2679 970 1711
955 1072 1509
1623 1598 1570
60 1434 1845
1838 1513 1504
151 1607 1563
4936 1605 1615
6222 1271 1492
5258 1453 1826
1776 1572 1511
1143 1491 1850
6113 1498 1798
1181 1259 1695
4844 1529 1839
4993 1653 1709
4295 1102 1534
279 1621 1748
376 1550 1498
3185 1557 1501
2157 1529 1493
51 1526 1754
3437 1439 1811
5691 1476 1871
1971 1600 1586
5437 1389 1459
6019 1586 1529
1185 1567 1507
2700 1137 1526
482 1404 1856
5263 1659 1709
615 1605 1561
2567 1538 1493
4537 1479 1815
906 1531 1490
2981 1479 1761
3431 1595 1599
5146 1014 1514
855 1436 1870
3864 1035 1498
5750 1426 1900
5395 1457 1823
6062 1456 1489
2513 1679 1687
1008 1421 1875
1900 989 1541
1589 1108 1527
3540 1465 1876
2170 1605 1581
5145 1522 1757
710 1007 1560
1974 1389 1455
4520 1514 1759
3262 1531 1841
5201 1460 1790
1822 1482 1849
1767 982 1568
5191 1391 1462
2640 1509 1798
4618 1673 1692
3922 1421 1829
1183 1545 1787
3196 1402 1829
5378 1537 1772
3268 1430 1891
3907 1278 1715
5508 1475 1827
3815 1491 1839
6134 1612 1610
2193 1474 1856
1179 1469 1879
4905 1449 1888
137 1641 1726
606 1446 1852
4624 1461 1804
5776 1500 1807
4951 1494 1806
3902 1607 1577
4888 1263 1494
1967 1603 1565
5265 1665 1701
5294 1396 1812
4919 1516 1800
2056 1576 1512
459 950 1628
4463 1534 1849
1261 958 1604
1245 1323 1470
3856 1602 1593
3252 1625 1752
1036 1543 1798
2102 1534 1803
4182 1679 1692
2770 1463 1838
6214 1269 1723
2643 1451 1797
1676 1520 1492
5040 1431 1487
1647 1427 1481
6005 1139 1520
4701 1452 1868
4050 1420 1893
416 1472 1802
4995 1405 1463
1028 1507 1823
2542 1588 1556
5831 1463 1785
1597 1436 1838
251 1480 1491
690 1460 1846
1176 1474 1806
1630 1488 1847
4351 1026 1500
3444 1593 1590
5441 1443 1858
1941 1433 1490
961 1590 1596
1192 1475 1868
558 1590 1591
760 1453 1782
5527 1480 1833
5047 1384 1802
5985 1561 1501
6132 1440 1834
1045 1156 1533
892 1601 1590
894 1408 1465
4508 1523 1831
3232 1416 1849
109 1597 1566
69 1417 1850
2129 1587 1539
3801 1468 1835
3162 1468 1859
88 1515 1827
3178 1528 1772
2634 1029 1567
589 1506 1754
278 1663 1699
2663 1348 1778
4741 1626 1740
6059 1517 1832
1415 999 1554
3996 1574 1515
4476 1423 1496
5753 1427 1799
1184 1498 1816
4159 1442 1886
2633 1468 1851
1248 1421 1821
6109 1639 1719
3634 1459 1836
3547 1404 1844
5961 1048 1520
1868 1424 1842
5195 1462 1492
775 1555 1503
6001 1432 1842
1075 1586 1535
3865 1512 1745
5362 968 1585
4884 1575 1508
1628 1429 1491
3472 1584 1628
1213 1684 1680
3793 1470 1488
3992 1446 1835
1892 1573 1523
124 1600 1560
5515 1042 1497
2340 948 1623
1841 1594 1546
6135 1509 1506
1061 1532 1845
3068 1447 1486
2142 1325 1773
238 1622 1756
3141 1434 1496
900 1256 1508
673 1451 1789
647 1524 1840
1121 1494 1500
5789 1558 1494
919 1429 1878
5809 1021 1511
3107 1589 1625
1042 1528 1843
5675 1596 1562
2646 1479 1825
4170 1414 1473
2355 1469 1865
1998 1406 1813
1199 1440 1492
5638 1604 1584
5457 1608 1797
1544 1461 1780
1646 1594 1554
462 1544 1491
804 1528 1850
3376 1612 1793
2625 1599 1805
4764 1533 1764
5241 1496 1813
5493 1473 1490
2705 1596 1597
5743 1601 1596
782 1507 1504
6056 1493 1504
465 1459 1843
1302 1618 1787
2361 1493 1754
3315 1454 1493
3026 1534 1497
4465 1422 1494
2984 1490 1747
5006 1485 1815
5661 1570 1513
5759 1598 1547
1862 1289 1712
2548 1438 1883
705 1460 1490
5119 1590 1620
4638 1474 1493
160 1601 1575
5424 1061 1512
4365 1252 1712
4646 1491 1502
1849 1538 1499
4988 1327 1472
3272 1448 1816
1707 1317 1743
2918 1647 1721
594 1431 1852
983 1494 1818
2135 1533 1769
5988 1592 1604
4477 1637 1725
6247 1410 1880
1319 1454 1842
3478 1501 1746
5902 1401 1469
1330 1457 1778
3274 1411 1810
4556 1005 1528
2963 1400 1466
574 1424 1869
2724 1328 1461
2866 1409 1836
5665 1479 1861
792 1491 1497
5658 962 1590
2302 1442 1830
3193 1408 1888
481 1498 1888
3228 978 1569
2144 1457 1854
1388 1602 1803
4522 1584 1632
3425 1492 1810
2392 1531 1768
3009 1564 1510
675 1581 1525
688 1598 1583
4485 1519 1848
3923 1465 1779
3458 1254 1692
3630 1420 1478
258 1459 1867
5790 1603 1589
3574 1493 1849
1306 1428 1910
4877 1288 1735
3880 1484 1493
1593 1463 1848
2429 1472 1871
5310 1493 1844
6100 1461 1487
1886 1529 1489
3959 1445 1868
3343 1479 1818
4887 1389 1463
1211 1394 1467
1494 1463 1864
480 995 1574
1877 1476 1498
3851 1669 1702
409 1542 1492
842 1664 1704
5488 1380 1810
4242 1585 1623
5824 1468 1863
5296 1602 1556
5269 1309 1763
3374 1513 1756
1079 1578 1518
45 1524 1490
4945 1599 1600
5372 1490 1844
4926 1505 1831
64 1614 1791
2084 1510 1801
161 1127 1526
5841 1589 1550
1043 1475 1815
2526 1431 1908
3655 1463 1831
713 1056 1508
2352 1465 1845
6127 1472 1767
283 1484 1804
3221 1429 1887
1325 1584 1537
5418 1580 1530
2137 1627 1744
1718 1002 1525
4881 1466 1487
580 1238 1526
5036 1400 1806
1372 1023 1506
2323 1442 1836
1369 1026 1579
854 1442 1490
3788 1443 1876
1223 1440 1825
3250 1087 1519
163 1263 1502
2896 1261 1498
5237 1590 1533
4509 1315 1746
1310 1500 1842
1624 1403 1473
3231 1657 1705
1311 1595 1557
3989 1567 1515
1549 1598 1809
1517 1591 1598
4760 1450 1830
4685 1443 1817
1090 1295 1731
757 1051 1500
3370 1408 1460
3073 1264 1487
6191 1480 1779
5617 1006 1509
2587 1460 1484
5571 1628 1595
236 1682 1698
1695 1616 1604
3768 1697 1676
226 1481 1486
905 1568 1494
1109 1341 1448
1820 1479 1483
4425 1478 1488
2664 1525 1483
6172 1690 1672
4422 1565 1487
2019 1698 1683
3226 1596 1538
726 1611 1605
1448 1418 1462
1655 1585 1515
1832 1359 1440
4969 1637 1739
4497 1621 1576
1348 1483 1482
2622 1619 1563
4269 1612 1577
2031 1029 1498
3200 1516 1776
2871 1450 1481
3804 1673 1706
4547 1453 1477
2618 1530 1860
318 1449 1474
1255 1466 1787
2844 1620 1604
5306 1414 1467
2501 1575 1489
1909 1303 1476
3132 1512 1497
3037 927 1607
4339 994 1525
2200 983 1562
4350 1517 1810
5018 1463 1478
1562 1544 1795
1281 1581 1514
3493 1547 1860
4708 975 1543
484 1473 1895
704 1155 1518
3893 939 1641
4973 1089 1509
642 1497 1486
5301 1338 1445
5182 1354 1441
585 1602 1536
3550 1481 1777
1272 1587 1521
4828 1542 1869
3365 973 1539
4342 1451 1901
1447 1284 1477
6201 1578 1509
1758 1508 1767
5042 1430 1472
1139 1656 1718
741 1421 1469
4689 1358 1451
1511 1437 1474
5699 1457 1481
6215 1405 1459
2149 1371 1810
2975 1550 1485
970 1523 1818
825 1590 1530
5087 1694 1669
5833 1664 1715
2830 1472 1786
3475 1370 1445
3047 1551 1489
3393 1575 1485
6119 1237 1522
1844 1300 1472
3683 1667 1709
5096 1604 1609
3339 1646 1735
3461 1617 1559
4825 1433 1472
6117 1494 1764
6206 1516 1481
2047 1650 1723
4143 1599 1813
1533 1518 1788
46 1619 1793
2588 931 1634
1046 1400 1896
4864 1546 1856
5852 1538 1861
5386 1379 1865
3896 1487 1490
5227 1642 1736
5678 1594 1528
6235 1645 1740
1452 1601 1544
4724 1400 1892
2853 1590 1522
4545 1610 1591
592 1587 1517
463 1608 1551
2698 1632 1743
3466 1535 1862
5307 1621 1787
5697 1602 1601
6209 1596 1533
4681 1290 1479
4270 1502 1493
513 936 1607
1299 1601 1549
5061 936 1580
4815 1365 1451
5732 1346 1443
466 1686 1700
52 1683 1703
735 1247 1508
4839 1153 1514
963 1062 1500
3191 1474 1485
750 1430 1477
2118 1573 1495
5170 1243 1508
4363 1475 1481
1759 1275 1484
5964 1599 1604
635 1069 1507
4115 968 1544
4062 1687 1681
165 1626 1596
4654 1619 1581
1633 1412 1458
3872 1496 1491
2627 1625 1785
3379 1458 1907
18 1645 1731
1972 1364 1446
668 929 1618
1001 1558 1487
3586 1667 1714
4138 1464 1793
1142 963 1561
265 1495 1493
4972 1611 1554
4803 1505 1497
1459 1285 1760
5662 1545 1485
5832 1484 1764
1979 1536 1485
4943 1525 1774
5859 1278 1479
5462 1596 1525
852 1477 1894
2233 1688 1691
1128 1611 1583
5575 1407 1450
1528 1556 1483
3903 1467 1485
1475 1152 1516
5217 1604 1534
3759 935 1623
5116 1023 1501
5030 1688 1698
5204 1486 1777
3830 1635 1746
5792 1613 1561
3726 1522 1785
2768 1700 1678
5650 1354 1450
4531 1538 1484
357 963 1712
5952 1519 1820
1720 1500 1487
5826 1397 1452
4008 1577 1500
4671 1616 1579
177 1424 1916
4538 1245 1506
3310 1610 1807
4205 1691 1678
4651 1345 1450
4783 980 1543
2541 1398 1448
1738 1509 1758
3875 1599 1613
2661 1502 1764
1481 1473 1771
4981 1239 1519
48 1488 1483
3940 1633 1772
5135 1442 1904
6211 1522 1862
3536 1692 1681
3619 923 1599
454 1520 1855
5531 1642 1749
4223 1402 1449
543 1531 1787
2005 1529 1858
2974 1511 1779
1160 1542 1489
4134 1524 1486
1550 1382 1884
3817 1616 1794
1068 1253 1502
5010 1520 1770
1085 960 1576
712 1543 1483
1933 1494 1759
1926 1685 1689
1567 1272 1481
1558 1498 1772
1486 1454 1906
1317 1379 1844
4324 1626 1758
6031 1607 1812
3625 1603 1550
1591 1696 1688
2723 1597 1615
4446 950 1683
2629 1444 1471
4467 1414 1461
4900 1616 1569
1194 1119 1526
1267 1359 1444
1436 1012 1511
5862 977 1554
3918 995 1523
2935 1361 1448
1341 1477 1771
6013 1033 1493
4779 1409 1453
1119 1689 1686
3417 1530 1793
4809 1440 1472
1685 1583 1506
636 1512 1491
2207 1573 1502
1169 1603 1809
834 1101 1521
3338 1486 1894
1584 1482 1767
3292 1693 1674
4622 935 1633
696 1385 1849
2754 1305 1475
5884 1546 1864
4775 1296 1477
4735 1401 1452
1557 1607 1611
2226 1688 1679
2538 1476 1766
5143 1109 1520
5921 1676 1703
1371 1616 1800
5396 1538 1792
1894 1596 1617
1120 1519 1484
5534 1520 1778
2737 1586 1505
4061 1648 1733
3372 1649 1732
2105 1551 1856
2216 1580 1495
5541 1591 1525
3826 1534 1486
1746 1516 1773
5731 1459 1478
1069 1234 1532
2620 1234 1528
3237 1254 1494
2606 1597 1611
5648 1018 1499
114 1524 1778
937 1495 1489
3672 981 1549
3685 950 1567
5336 1608 1809
2970 1615 1597
3151 1504 1769
2668 1463 1484
2856 1419 1468
5137 1380 1870
3731 1607 1601
4754 937 1601
6027 1394 1892
4781 1147 1512
687 1144 1516
2038 1532 1783
2419 1471 1905
1889 1358 1442
1524 1513 1811
2908 926 1600
2847 1470 1900
4628 1341 1788
5391 1620 1587
331 1150 1514
2617 1402 1443
1686 1615 1584
27 1527 1778
4899 1617 1576
1276 1412 1452
2948 1608 1605
3326 1677 1700
4044 1671 1710
933 1389 1859
2074 965 1562
3964 1627 1782
4296 1099 1516
747 1700 1673
3352 1512 1771
1101 1607 1590
2753 1298 1479
3637 1610 1585
2881 1294 1468
1541 1708 1659
640 1304 1462
6060 1502 1475
1423 899 1578
1888 1495 1792
5125 1413 1436
3852 947 1684
4806 1486 1793
929 1616 1808
3613 1486 1912
3666 1517 1796
1483 903 1584
3934 1063 1494
3077 1616 1540
1298 1431 1465
2584 1703 1635
4124 1482 1476
390 1271 1459
1851 1606 1820
229 1708 1666
2496 1255 1485
3439 1610 1814
5944 1317 1460
488 1704 1666
5582 1549 1878
1806 1613 1546
860 929 1572
248 1689 1627
3448 1365 1430
611 1366 1418
6121 1299 1455
2245 1339 1438
858 1024 1797
1215 1319 1441
798 1660 1728
391 1645 1583
4368 1677 1608
2471 1631 1575
4315 920 1579
5555 1361 1435
2504 1672 1604
1940 987 1751
893 1699 1635
2336 1502 1483
3570 1499 1781
4007 1375 1424
5835 1079 1498
4854 1694 1692
4859 1367 1868
1204 1625 1584
2011 1311 1454
2607 1641 1765
5568 1354 1428
1083 1393 1904
3802 1376 1428
3757 1697 1690
3881 1611 1543
1664 1637 1584
5173 1476 1475
2190 1398 1903
240 1327 1441
5261 1411 1437
5489 1342 1438
6228 1242 1497
319 1673 1713
2109 1369 1875
5737 1559 1868
159 1632 1565
1917 1486 1479
6037 1620 1595
4452 1411 1439
5273 1302 1462
4990 1296 1462
3016 1305 1456
3249 939 1675
809 1639 1747
7 1249 1496
4298 1623 1796
337 1693 1698
4377 1014 1493
3739 1624 1577
4267 1486 1481
4244 1448 1462
677 1556 1859
5340 1627 1572
5207 1276 1463
4173 969 1537
2371 1249 1490
3777 956 1558
2033 1068 1488
4207 1233 1512
281 1648 1587
2181 957 1556
1764 1308 1442
4778 1705 1660
2251 1232 1506
138 1558 1479
6183 901 1584
801 1336 1433
3190 1631 1584
3083 1544 1876
4817 1708 1657
1556 1507 1481
2249 1498 1476
4314 1671 1610
4679 1102 1513
169 907 1593
1430 1427 1918
618 924 1565
1859 1695 1625
4911 1686 1618
823 1655 1736
643 1636 1574
2404 1362 1421
1214 1310 1461
5345 1382 1444
3925 1307 1464
3784 1617 1546
2773 1650 1739
1566 1634 1581
3019 1341 1434
2178 1517 1871
5989 1477 1908
517 1634 1569
5246 1471 1475
1412 1551 1869
939 1694 1694
575 1316 1453
880 1283 1458
1163 1677 1709
3943 1308 1456
5894 1366 1441
327 1379 1437
3003 1644 1580
3926 1334 1799
1512 1570 1864
3408 1629 1790
4211 1036 1483
4210 1266 1467
3065 1014 1500
4880 1177 1520
3199 1523 1884
3498 1621 1795
4495 1285 1452
4058 922 1626
1361 1373 1420
3753 1525 1475
3021 1497 1478
2800 1542 1473
1850 1706 1673
2818 1392 1439
2709 1712 1676
3774 1679 1619
1468 1164 1518
4642 1658 1601
651 1352 1436
1783 1091 1506
2658 1054 1494
2133 1387 1445
1684 1645 1750
5886 1704 1688
1221 1452 1922
6075 1274 1473
3362 1239 1509
4663 1383 1428
3900 1614 1528
2007 1234 1515
5208 1628 1786
4274 1675 1714
5720 909 1595
79 871 1580
6061 1102 1509
156 1698 1632
2069 1335 1437
103 1616 1547
4070 1479 1912
4970 1607 1818
5777 1358 1432
5798 1692 1629
1869 1298 1461
4304 1089 1500
5352 872 1590
6067 1295 1447
4345 1391 1443
5535 1534 1473
1293 1248 1491
461 1301 1464
4916 1301 1449
1273 1279 1457
2343 1650 1593
1906 1521 1873
2553 954 1542
2362 1489 1778
5912 1508 1489
4404 1433 1458
6256 1681 1617
5586 1623 1589
3936 1640 1583
5088 916 1560
2525 1305 1437
2301 1693 1624
1404 1379 1434
6091 1479 1479
1617 1439 1461
1663 1633 1566
209 1272 1472
2491 1625 1795
1724 947 1565
323 1537 1867
4524 1465 1911
2446 919 1576
6038 1626 1559
4280 1168 1515
4795 1612 1531
2527 1686 1626
5287 1234 1504
1135 1076 1499
1598 1375 1441
5485 1379 1897
947 1454 1473
1124 1162 1517
1622 1655 1733
3979 1500 1482
5379 1321 1440
4303 1502 1796
5577 875 1593
1450 1685 1614
312 1385 1442
1309 1547 1480
2427 1647 1586
4035 1621 1590
4111 1163 1511
3447 1547 1873
4110 1646 1589
988 1619 1807
1104 1695 1696
1866 1678 1609
3405 928 1568
4203 1533 1867
5342 1386 1432
5132 1614 1810
4934 1698 1637
1023 955 1544
1535 1323 1446
5444 1453 1464
5498 1640 1585
537 1558 1864
5797 1673 1719
4168 1244 1494
4293 1447 1468
685 919 1600
2021 1332 1434
305 1369 1433
5620 1545 1481
2757 1156 1510
5945 1624 1582
1284 1406 1922
6146 1313 1436
978 1613 1550
3792 1427 1465
3878 1382 1431
1694 1706 1684
5564 1624 1799
5066 1691 1705
5436 946 1561
3166 1417 1440
1314 1627 1583
976 1046 1482
1249 1362 1434
2221 1544 1473
5262 1424 1463
3834 1617 1543
598 1627 1568
4271 908 1597
2902 1314 1789
3951 1664 1607
4026 1632 1782
3831 1535 1476
6157 1316 1464
3986 1620 1552
2842 1374 1864
5673 1372 1889
1173 1639 1768
4167 1385 1430
3554 1499 1892
5446 1670 1613
118 1326 1435
3976 1317 1440
718 1334 1442
3395 1642 1578
4728 1355 1834
1523 1285 1471
2180 1310 1437
3443 1273 1462
1446 1373 1438
3673 1511 1794
4699 1364 1439
1006 920 1567
609 1656 1726
187 1368 1440
3330 958 1725
2998 1709 1681
4329 1494 1477
1254 945 1691
3241 1120 1517
4105 1304 1452
2765 1495 1484
5545 913 1581
1992 950 1536
2877 1361 1426
5193 1700 1685
1659 1322 1442
3260 976 1534
1994 1319 1457
908 1303 1459
3400 1467 1474
5334 1653 1593
382 1314 1438
1495 1626 1792
2958 1298 1440
3823 881 1583
3137 1610 1539
1392 1059 1490
1033 1630 1779
5981 1368 1427
116 1371 1423
3434 1624 1567
359 1616 1553
962 1427 1460
914 1152 1505
3332 1502 1791
4885 1002 1509
5388 1518 1794
453 921 1553
341 1705 1682
4861 1682 1709
1321 1651 1738
5533 1492 1788
5278 1552 1879
3080 1531 1478
4436 1311 1456
6002 1530 1475
1060 1168 1512
5198 1634 1754
2088 1405 1445
2750 1248 1484
2524 1510 1782
3108 1449 1469
4675 1015 1494
4765 1708 1679
3169 1484 1477
4584 1622 1592
1805 1320 1439
3147 1537 1877
2462 1539 1879
3675 1635 1761
2189 1488 1903
1138 1284 1464
5916 1408 1443
4987 1607 1535
3927 1485 1900
4325 1459 1472
512 1431 1461
722 1317 1435
2931 1687 1707
3320 1435 1464
425 1070 1490
2669 1625 1554
910 1675 1710
2321 1609 1530
5947 1460 1471
1847 1549 1475
5122 1622 1548
428 917 1605
1219 1490 1479
5548 1442 1468
31 1625 1568
2515 1624 1573
398 1303 1465
1078 1316 1437
5652 933 1560
1387 985 1529
6242 1631 1587
1292 1333 1444
5110 1461 1474
6169 1614 1535
380 1360 1419
3061 1378 1880
5271 1644 1751
5483 1036 1487
1164 1620 1805
2391 1253 1487
4473 1442 1461
4897 919 1553
2887 1685 1712
2452 1478 1917
4725 975 1548
1034 1647 1751
173 1299 1439
3987 1623 1554
1790 1666 1726
2913 1673 1608
3218 1645 1748
5626 1693 1701
2797 1617 1550
6026 1298 1442
5344 1329 1434
3968 992 1515
4077 1531 1873
5165 1525 1869
3014 1277 1465
4878 1387 1437
2141 1565 1869
2270 1242 1502
758 1644 1761
1661 1108 1514
1618 1483 1914
2298 1316 1447
2437 1627 1788
3036 931 1542
870 1163 1515
1180 1489 1897
534 1090 1497
223 1275 1458
4766 1378 1877
1640 1460 1916
5069 1631 1569
10 950 1540
2308 1272 1468
4218 1003 1507
4875 1464 1472
5412 1468 1469
5659 917 1578
5517 1418 1450
5865 1388 1435
1312 914 1595
4189 1697 1699
2793 1377 1442
529 983 1521
5551 1442 1928
296 896 1579
1985 1623 1809
386 1643 1571
1793 1298 1427
4594 1642 1563
3819 1621 1521
4233 1647 1568
2952 1522 1886
3975 1265 1463
3203 1618 1489
5105 1679 1599
378 1619 1529
3901 1537 1468
1499 1725 1676
5997 1670 1723
4869 1670 1581
5367 1679 1722
981 1674 1583
542 1241 1479
437 897 1574
2138 1705 1704
3798 1084 1487
2468 1710 1693
3063 1550 1887
5588 1687 1719
5561 1656 1747
915 1368 1408
4395 1618 1524
385 1655 1742
6110 1564 1876
4744 1558 1465
5032 1159 1505
5440 1635 1558
4192 1363 1399
2338 1349 1415
2719 1566 1880
5727 1639 1565
3133 871 1562
5785 1717 1684
392 1478 1469
5177 1578 1457
1683 1488 1471
42 1565 1456
1883 1668 1572
104 1026 1485
1789 1481 1465
2894 1507 1471
1901 1644 1566
922 1561 1890
1357 1371 1406
2398 1644 1565
1749 1431 1928
264 1093 1494
457 1023 1481
313 1241 1491
4343 1700 1700
6053 1683 1720
2718 1346 1411
5075 1250 1470
2717 1719 1679
5123 1621 1519
5560 1618 1817
2055 1700 1709
2512 1390 1417
3111 1654 1588
1435 1654 1578
5747 1665 1565
6017 1223 1503
5100 1431 1456
1368 1225 1504
3720 1671 1578
67 1470 1461
3545 1668 1600
4335 1675 1722
3311 1672 1584
2455 1317 1422
4251 1688 1601
5129 1582 1857
5915 1257 1464
3749 1673 1729
2454 1651 1585
3028 1622 1810
4668 1666 1601
4940 1354 1421
4019 1454 1927
1406 1381 1423
180 1601 1835
1965 1661 1566
2509 1370 1898
1190 1447 1455
3689 1365 1401
4561 892 1581
2973 906 1624
5314 1491 1473
4649 891 1615
4840 1238 1496
1740 1680 1607
2064 1361 1408
2848 1255 1473
5632 1715 1690
4484 1640 1567
4212 1557 1463
1654 1543 1463
2279 1333 1809
3889 1616 1526
1262 1379 1407
335 1618 1531
5700 1284 1438
2265 1562 1468
2650 1113 1510
3192 1398 1436
3664 1720 1665
5114 916 1615
2078 1687 1714
6187 1622 1813
4450 1647 1573
1333 1481 1927
11 1235 1501
877 1377 1417
3422 1428 1447
5385 1545 1465
3136 1305 1803
4956 1465 1459
4959 1634 1793
1422 886 1571
2000 1704 1697
1603 1624 1530
4653 930 1540
4517 1339 1418
6140 1719 1671
2692 1719 1663
2769 1471 1931
5705 1671 1594
1218 1487 1914
1518 1715 1670
2131 1347 1430
1803 902 1617
1610 1280 1434
5966 1626 1485
1824 1669 1732
5335 1318 1417
3636 1395 1432
2225 1650 1584
3484 1624 1545
3256 1646 1581
1923 844 1581
3402 1578 1865
734 1654 1752
1770 1516 1464
3309 1311 1423
5317 1625 1549
4906 1666 1595
4220 1256 1470
3125 1398 1429
4336 1438 1457
602 1533 1471
4734 1486 1918
1457 1570 1466
3659 961 1531
171 1623 1521
4896 1536 1892
4373 1330 1409
4292 1098 1491
3313 1141 1509
520 1626 1803
4848 1472 1467
3416 1290 1443
4664 1276 1441
1187 1530 1465
1264 1331 1407
4941 1574 1463
3489 1626 1495
5757 1342 1419
5856 1120 1513
1760 930 1689
5972 1537 1462
1827 1655 1574
1831 1335 1420
5020 1384 1415
5409 1695 1704
3510 1379 1423
831 1670 1589
2494 1457 1457
4247 1625 1808
2854 1322 1418
5205 1439 1929
2179 1668 1725
2999 1335 1413
5567 1675 1591
5026 930 1557
4872 1177 1511
2575 919 1631
4048 976 1514
5713 1696 1712
412 936 1547
3746 1343 1433
2123 1135 1513
2997 1572 1875
2111 1658 1742
689 1583 1459
5387 908 1551
2010 1244 1481
56 908 1606
3653 1045 1478
4961 1462 1930
5375 1625 1540
1959 1056 1480
5365 908 1619
1928 1567 1468
4491 1466 1468
1887 1660 1576
5491 1598 1467
3450 1633 1549
5420 980 1512
3883 984 1516
2094 1226 1510
1818 1685 1605
2601 1282 1444
3821 991 1511
2790 1623 1542
3204 1378 1914
2185 1596 1839
2058 1685 1597
1136 1500 1471
871 1628 1543
4381 1400 1433
2964 1661 1570
290 1632 1792
5740 875 1555
3558 1688 1710
3606 1473 1464
222 1629 1557
1353 887 1556
5901 1722 1668
2885 1630 1795
4635 1569 1883
6221 1670 1575
3744 1223 1509
6241 1551 1889
2687 982 1516
4169 1621 1536
3958 1480 1468
2630 899 1585
3467 1714 1666
3112 1664 1586
3225 1665 1737
228 1671 1597
5839 1548 1463
2353 1623 1547
1919 1364 1410
3464 1367 1401
2073 1668 1597
1572 1654 1749
3207 1659 1593
6199 1425 1450
5592 860 1591
732 1435 1451
1207 1371 1417
3931 1270 1443
4126 1095 1497
6142 1682 1717
1186 1626 1492
5219 1161 1504
3435 1287 1438
1515 1509 1466
5212 1173 1508
5458 1484 1466
2433 1324 1430
1084 1657 1564
2965 1551 1468
1745 1326 1411
3329 1325 1422
4459 1722 1660
2348 1341 1422
287 942 1705
446 1712 1695
2932 1583 1864
769 1377 1421
70 1347 1839
4944 1526 1895
5736 1417 1436
2943 872 1563
4107 1536 1469
6035 1544 1893
5614 1576 1464
1274 1392 1429
5501 1357 1417
1322 1333 1417
2229 1578 1461
4492 1659 1574
777 894 1601
3281 1553 1465
12 1482 1929
2820 1526 1469
4557 1451 1458
4691 1601 1471
4321 1245 1483
5472 944 1537
3885 873 1559
2276 901 1602
4686 1479 1472
3446 1430 1451
215 1516 1468
1631 1666 1590
4423 1345 1406
926 1570 1462
3618 1591 1845
985 1299 1433
3035 1704 1701
1099 1329 1415
2048 1510 1468
401 1398 1431
756 1613 1816
4693 1720 1677
686 1484 1926
2852 1292 1803
3752 1678 1591
6185 1221 1503
3850 1229 1503
2434 935 1534
4331 1474 1462
86 915 1631
3810 893 1573
5780 1346 1424
552 1265 1456
2025 1549 1466
3282 1654 1565
4127 1525 1881
2457 1645 1765
100 1034 1479
1529 1591 1852
678 1589 1853
964 1049 1481
3669 1694 1705
5179 1104 1503
2600 1105 1507
4759 1522 1468
2789 1574 1869
4332 1696 1708
4645 858 1603
4398 1570 1870
4360 1400 1429
3577 1682 1722
4498 1530 1889
2675 1352 1411
1905 1306 1433
561 1483 1467
2581 1520 1465
5304 1370 1412
739 1087 1486
3828 1678 1721
3861 1705 1693
4942 1616 1530
3004 1289 1438
5109 1640 1781
3427 1556 1470
2204 871 1560
2833 1708 1690
4747 1706 1699
1599 1478 1471
1966 1664 1598
5497 1490 1468
4120 1098 1495
4847 1569 1471
5936 860 1595
5836 895 1583
6003 1652 1747
148 1593 1462
1236 1492 1912
3998 1053 1482
4805 1381 1421
1203 1257 1466
4190 1343 1418
1024 1421 1426
2188 917 1652
3150 1612 1822
548 1276 1450
604 947 1533
3094 1407 1435
6152 1296 1438
2763 1339 1433
1635 1288 1431
997 1673 1597
5529 1648 1754
3491 1276 1444
4237 900 1552
5008 1526 1887
6066 1162 1502
2461 1683 1597
2098 1524 1464
2786 1553 1468
396 1469 1462
2667 1412 1432
370 897 1563
1455 1113 1513
2927 1634 1796
68 1549 1460
3423 1627 1554
6040 1657 1746
2219 1057 1486
3573 1407 1932
646 1090 1489
1491 1726 1666
2172 1286 1439
4317 922 1681
369 1416 1437
4164 1351 1419
4818 1659 1596
2359 1560 1464
3884 884 1577
455 1674 1587
2255 1375 1412
3031 1622 1808
3649 889 1569
5725 1686 1594
623 1267 1449
5097 1418 1432
1810 1058 1482
3254 1404 1918
4833 1107 1509
1829 1487 1467
4612 1582 1458
1629 1325 1415
5430 1365 1876
1100 988 1508
2017 1560 1879
2092 1628 1803
3342 1230 1494
4964 1663 1573
4302 1717 1680
184 1373 1415
761 1469 1465
1846 1232 1497
2263 1017 1484
4260 910 1612
567 1242 1482
1772 1243 1476
6139 1019 1483
2335 1610 1457
3414 933 1548
353 1596 1845
4193 1389 1932
2740 876 1563
2794 1551 1458
5591 1599 1836
4179 1645 1767
2410 933 1710
5011 1541 1466
2116 1639 1775
272 1587 1853
1539 1676 1585
5115 1309 1430
2313 1278 1447
4284 888 1558
3973 1590 1847
1962 1382 1411
4344 1387 1424
5348 1405 1438
497 1603 1844
624 1709 1710
413 1729 1687
212 1102 1486
2695 1688 1722
3914 1744 1671
4639 1623 1431
6107 1603 1464
4447 1368 1913
5161 1500 1910
5371 1732 1681
30 1563 1428
4496 1627 1416
1277 1718 1696
1342 1413 1422
2895 1682 1578
772 1735 1666
5574 1251 1449
3072 876 1644
3642 1629 1495
3488 1687 1584
4400 1562 1454
1424 1595 1851
81 1735 1682
1166 1611 1860
2154 1606 1455
3564 850 1557
4958 1559 1434
4249 1631 1538
1699 1689 1575
4068 1672 1745
5318 1551 1440
1898 1636 1549
5323 1726 1654
1059 1613 1449
231 888 1666
5663 1604 1444
5384 1137 1507
2475 1157 1495
1708 1612 1835
1122 1616 1419
1787 1336 1383
3018 1724 1656
404 1334 1383
793 856 1541
5311 1723 1696
3195 1635 1545
4572 1570 1452
2710 872 1551
3140 920 1730
3984 868 1672
4535 1257 1446
2266 1435 1445
3617 1257 1455
3460 1590 1436
2703 1463 1451
1439 1638 1796
2439 1697 1714
5325 1464 1945
2785 1354 1389
4268 1568 1889
5442 1552 1906
198 1318 1411
5630 1556 1445
4037 1449 1445
4424 902 1681
832 1682 1589
1536 926 1538
5358 1631 1531
4230 1649 1767
3762 1495 1460
1619 1606 1448
4603 1545 1900
4020 861 1623
117 1614 1826
810 1543 1909
2725 1583 1430
3051 1503 1460
4608 1636 1490
2042 1596 1459
2714 1698 1585
3590 1230 1478
5733 1095 1481
5082 1220 1497
2091 1114 1497
2036 884 1614
3569 916 1702
5986 1668 1747
6176 1142 1503
790 952 1519
1595 1513 1465
795 1680 1564
4471 842 1545
2498 1455 1452
66 1570 1444
330 1735 1653
3563 1378 1397
3791 1367 1391
1553 1329 1821
3679 1326 1402
4903 1642 1543
368 1539 1908
2520 1366 1385
3733 1723 1692
5794 1564 1432
5919 1577 1451
2566 1538 1456
5322 1625 1447
1177 1630 1522
4567 857 1648
949 1619 1460
4300 1538 1904
3486 1497 1915
4122 1486 1462
5528 1589 1858
1105 1728 1661
3440 1632 1522
1303 1692 1719
4801 1229 1481
3610 1093 1475
1200 992 1493
3118 907 1662
3526 1369 1399
4546 1541 1456
2929 1487 1459
518 1611 1421
4196 889 1643
2415 1650 1762
474 1548 1907
2304 880 1632
4443 1386 1409
4984 1509 1459
3324 859 1537
4102 1595 1448
6173 1631 1510
3454 1673 1580
5920 1353 1406
4432 1471 1455
1095 1458 1454
1730 1534 1913
2565 1692 1722
3699 1377 1401
3092 867 1547
4392 1580 1875
2169 893 1644
275 912 1543
5827 1627 1518
5250 1360 1382
4129 1645 1774
3287 1569 1435
2649 1344 1393
2962 1316 1405
4782 1415 1425
5476 1581 1433
201 1347 1404
2766 1615 1456
3341 1645 1546
2967 1115 1498
3359 1702 1588
303 1630 1418
992 1608 1470
2213 1612 1480
4918 901 1534
289 1581 1438
394 1629 1423
2408 1517 1458
373 907 1533
4596 1342 1403
5034 840 1586
3386 1461 1940
426 1352 1407
2937 854 1571
4427 875 1671
470 1377 1396
3767 948 1521
4016 1334 1393
5633 1588 1450
5644 1366 1397
622 1585 1449
3499 1590 1443
5769 1648 1550
1626 850 1598
1667 874 1601
4893 866 1551
897 1154 1498
1878 1689 1588
4489 1277 1432
72 1611 1830
817 871 1542
2697 1239 1468
3708 1554 1437
6089 1507 1907
4736 846 1600
3814 1578 1436
172 1685 1576
468 858 1576
3825 853 1685
4419 1030 1476
5376 1740 1657
3859 1627 1528
3953 1697 1581
2211 1459 1447
2537 1612 1435
3280 1728 1670
2203 1640 1543
4341 1219 1503
1530 1629 1415
2716 1535 1451
5741 1565 1444
946 1052 1473
1410 1428 1421
162 1677 1559
1690 871 1641
2624 1626 1422
5715 1532 1461
5547 1576 1431
5723 846 1554
5870 1238 1471
108 1702 1593
1934 1654 1756
1398 1731 1649
2325 877 1546
4712 866 1567
950 1555 1441
3473 1069 1471
4415 849 1552
5013 1573 1439
5072 1612 1462
1922 1292 1420
1753 1620 1423
1081 1026 1477
1823 851 1530
2022 863 1710
2845 1713 1700
257 1682 1738
260 1737 1663
1409 1271 1431
65 861 1608
2799 1578 1885
5432 1627 1429
436 1665 1559
1729 1261 1451
1003 1719 1693
553 1327 1390
2060 861 1548
3961 1445 1451
4637 1397 1420
3445 1680 1571
3921 865 1642
878 1592 1862
1634 1114 1501
2898 1441 1449
3874 1574 1434
351 1722 1694
5738 1694 1598
1054 1557 1450
96 1481 1459
3234 1709 1704
3455 1433 1446
395 859 1671
2495 1694 1590
762 923 1709
5099 892 1538
2657 1473 1458
4604 1703 1713
4634 1355 1400
4669 1325 1395
5292 1673 1562
1202 1520 1459
4610 1620 1471
999 1249 1460
846 1645 1560
3038 1437 1446
365 879 1625
1454 985 1500
4837 1618 1455
3700 1721 1685
1638 893 1638
4075 1584 1451
2363 1126 1501
2423 904 1652
1411 1657 1755
4378 1556 1454
1961 851 1547
4729 1438 1444
5818 1664 1751
5765 1633 1488
4593 1608 1460
5619 1730 1665
4141 1518 1908
3854 1641 1795
107 1387 1403
655 1674 1574
4619 1730 1653
1399 858 1561
2933 897 1699
3725 1324 1406
5052 1519 1908
4403 1701 1715
490 1614 1468
4266 1130 1503
531 1456 1445
3223 862 1571
1030 1632 1507
3796 1732 1684
5027 1733 1661
2802 1707 1598
4414 861 1559
617 1615 1473
1984 1335 1402
4442 1178 1500
4963 1728 1688
730 1469 1459
1250 868 1536
2860 1225 1493
94 1698 1719
1356 1617 1821
3599 1599 1447
1266 1494 1459
5883 1591 1867
521 1544 1451
1826 1672 1570
152 1585 1867
4587 1719 1700
1275 1595 1443
5083 1386 1406
6044 1368 1388
5 1019 1477
540 1731 1673
3678 1564 1896
4290 1444 1446
546 1694 1718
1178 1527 1453
5033 1620 1445
1087 1651 1554
1364 1728 1682
2506 1427 1438
4853 1381 1402
4647 1649 1553
2165 1429 1440
6073 1621 1822
5158 1330 1818
948 839 1555
5285 847 1542
5838 1686 1568
158 1681 1727
3299 867 1549
653 869 1540
2738 1084 1477
5640 1732 1656
4662 972 1509
1395 1713 1609
4188 1536 1459
923 898 1659
5606 1492 1461
1650 1553 1895
5858 1343 1397
1586 1676 1576
1836 850 1550
3935 1346 1390
208 959 1514
1242 1636 1536
1370 1472 1451
3451 843 1560
5487 1358 1391
1470 1670 1565
3626 863 1628
5400 1451 1451
1766 1581 1427
974 878 1596
5239 1398 1411
2652 878 1684
4479 886 1674
1726 1510 1910
2191 1476 1459
4128 1703 1596
3006 1000 1494
3163 1500 1464
4289 917 1698
342 1616 1450
1716 1731 1668
2556 1637 1540
6175 1278 1427
4171 860 1563
2875 1600 1463
2405 1513 1906
2840 1610 1476
844 1337 1395
3088 1629 1535
966 1742 1665
2924 828 1714
433 1667 1562
5299 1317 1401
5357 1410 1427
4390 1625 1413
4998 1107 1490
4093 1244 1464
2395 1062 1473
853 1311 1404
1977 833 1586
2062 1522 1455
2986 1557 1903
34 844 1710
1819 1607 1463
2549 1302 1417
4383 1618 1434
4386 861 1568
263 1747 1668
4876 1616 1465
4346 1559 1896
4372 1546 1455
4982 1673 1557
1150 917 1670
5544 1232 1474
5680 855 1544
4234 1568 1455
1363 1547 1457
1396 1716 1696
1421 1400 1417
2013 1554 1899
2132 913 1533
1748 1601 1442
2583 1677 1729
5422 1394 1419
2460 1252 1457
3707 1350 1403
4046 1526 1900
442 819 1697
1402 856 1555
2977 1369 1392
5746 836 1707
1918 1170 1495
3756 1060 1475
3905 878 1533
5060 1733 1676
2677 1622 1457
6082 1325 1390
633 1607 1451
1233 848 1609
5613 915 1542
5787 1403 1415
1585 1287 1425
2198 1586 1454
4455 1649 1557
1117 971 1768
2849 884 1679
4909 1341 1383
5596 1366 1390
693 1629 1525
4533 1628 1438
4391 1409 1420
3529 1390 1411
5968 1641 1553
3780 1312 1817
4064 1528 1459
5615 1657 1557
2534 1572 1894
4953 1282 1431
986 1682 1568
3459 1280 1422
4103 1285 1419
5243 1238 1481
4707 1643 1790
5231 1739 1676
5041 1392 1409
2393 1161 1495
4614 1588 1862
5001 863 1564
141 858 1551
1010 1507 1462
2412 1296 1419
5810 925 1734
2990 1534 1448
5309 1058 1474
2388 1712 1704
4045 838 1595
1973 880 1647
4994 1401 1420
1038 1561 1446
5188 880 1605
808 1363 1394
3253 1313 1409
3516 1539 1447
4820 1738 1671
5068 1579 1440
526 896 1530
3392 1616 1831
1489 1280 1426
4264 1549 1450
5542 869 1576
4013 823 1720
2243 1723 1682
5327 1416 1929
3346 921 1694
3988 1481 1456
4441 1618 1469
5413 850 1707
2839 1709 1605
4543 904 1635
2806 1510 1461
3742 1314 1413
5089 1692 1594
5690 1742 1659
4590 1323 1397
277 1112 1491
2441 1345 1387
3375 850 1564
3716 1337 1863
5999 1726 1679
87 932 1532
3694 995 1498
6239 1628 1490
1020 1212 1503
4621 1321 1396
4565 1633 1811
1449 1617 1476
2057 1274 1429
2938 1625 1524
3627 1607 1465
5112 1653 1559
5280 1623 1451
662 1309 1417
1469 1349 1872
1736 1325 1813
3361 913 1663
4056 917 1536
4986 1339 1380
972 875 1683
2428 1558 1451
4362 1343 1875
1606 903 1539
1643 861 1675
1765 906 1681
720 1379 1398
3048 856 1611
311 1612 1426
1041 1563 1438
4660 883 1643
2445 1624 1409
5929 868 1656
1797 1631 1501
5779 1418 1930
3105 1603 1459
899 1480 1461
3033 1602 1839
3960 844 1537
4732 1594 1853
2319 1355 1410
266 1724 1691
2324 1597 1441
1360 1637 1801
3134 1602 1849
845 1588 1441
1534 1429 1445
5368 1389 1407
491 1626 1819
4570 1183 1507
6007 1719 1688
348 1531 1456
197 1625 1819
361 1569 1440
120 1541 1451
2742 872 1574
3091 1429 1417
3 1308 1407
1949 1572 1890
4580 1679 1735
5401 863 1661
1904 1364 1391
3002 861 1615
503 1623 1440
5106 883 1542
510 1627 1434
5171 910 1543
3219 1061 1466
6029 1641 1428
1986 1713 1546
293 1346 1369
3456 1739 1690
2034 1686 1535
3145 832 1536
1058 1613 1405
3776 1649 1547
545 1721 1607
1418 1661 1772
3740 848 1526
5712 1706 1565
6014 1321 1374
3492 1068 1464
1354 823 1575
2310 1755 1660
3060 1590 1881
5093 1758 1652
5649 1609 1425
2103 1430 1951
851 1753 1665
2479 1698 1543
4611 1493 1923
5530 1620 1392
2880 1615 1396
5465 853 1736
6229 1632 1466
4834 1314 1384
6102 1603 1856
5888 845 1631
105 1719 1594
1007 1613 1391
2282 1477 1443
3858 1726 1531
73 1636 1461
415 1716 1593
3842 1601 1430
4054 848 1575
5202 1711 1535
628 1638 1441
3198 1740 1680
5593 1324 1370
2196 1305 1402
2522 1538 1915
3593 1606 1428
4949 1693 1547
5206 892 1522
5004 1601 1397
2481 1583 1421
3835 1188 1496
1112 1637 1504
1794 1583 1394
639 1632 1408
2672 1586 1391
355 1669 1755
714 833 1611
998 1710 1543
1082 829 1541
3358 1631 1441
6233 1742 1678
5639 1629 1468
5953 1714 1603
2275 1546 1440
3172 1733 1534
1437 1614 1398
1925 1703 1720
4609 1729 1536
5405 1714 1579
1161 1695 1553
1504 1591 1416
4957 1646 1801
2971 1601 1863
4306 832 1569
5984 1642 1412
3809 1674 1548
1426 1626 1826
3808 1449 1417
587 1592 1391
3514 1714 1713
3601 1746 1674
4142 1695 1575
5370 1697 1550
4066 1336 1375
5873 787 1688
5993 1640 1448
6210 1620 1479
1507 839 1528
2250 1690 1560
2827 1045 1468
681 1687 1539
167 1750 1676
918 1427 1433
1263 1600 1861
3646 1660 1551
6016 1689 1555
568 1700 1575
3238 1704 1530
5181 1700 1542
5647 1630 1460
1709 1682 1559
3955 1695 1532
1788 1478 1446
654 1347 1929
1715 1640 1437
4955 1600 1396
450 1749 1672
3942 1732 1529
5014 1693 1528
2745 1664 1551
3745 811 1686
5425 1622 1834
659 1694 1726
3755 1677 1747
6049 1714 1597
472 1632 1434
2651 1557 1415
5353 1351 1378
2272 1632 1431
5991 1607 1431
1118 1323 1387
5360 1662 1761
799 1647 1799
4879 1582 1408
5843 1663 1754
1497 1601 1400
4051 842 1573
5303 1757 1674
872 1658 1548
2684 1722 1609
5455 809 1708
5748 840 1677
1954 1253 1436
3462 1578 1401
5059 1725 1702
61 1682 1554
1560 1569 1906
2440 1604 1434
2579 1736 1649
3737 1601 1411
2197 1701 1548
4241 1584 1415
5410 1568 1415
5539 1388 1399
6151 1622 1407
5392 1622 1469
1621 1594 1411
271 1651 1546
733 1746 1645
1358 1664 1544
3589 1732 1691
8 1539 1436
3667 1718 1540
4960 1433 1434
1151 1246 1446
3571 791 1675
692 1603 1398
1930 1703 1567
2153 1695 1735
2756 1629 1473
5291 1616 1391
4430 1202 1494
4527 1401 1398
1890 846 1637
3501 1233 1451
4719 1581 1406
5459 1558 1912
5377 1634 1519
3719 1200 1494
2046 1702 1726
5140 1753 1651
786 838 1620
1731 1528 1447
2804 1610 1413
932 1694 1732
1289 1362 1373
593 1702 1557
1115 1668 1549
674 1658 1540
4162 1708 1579
3017 1752 1648
2470 1592 1402
3424 988 1487
509 1610 1396
3206 1725 1542
4562 1689 1567
4648 1594 1395
5213 1635 1467
1843 1440 1435
2572 1354 1920
339 1746 1660
2008 1727 1622
3470 1322 1384
4786 1763 1666
5090 1605 1847
5286 1434 1414
1258 1597 1404
3844 1107 1478
1012 1385 1960
3531 1480 1451
4821 1644 1538
4042 1698 1530
125 1003 1480
364 1731 1533
149 841 1516
2182 1245 1456
3412 1235 1458
3632 1447 1437
4804 1638 1399
5406 1606 1437
4273 1580 1393
1816 1748 1683
6255 1662 1539
2598 1434 1437
4772 1541 1916
3535 1538 1440
791 1691 1737
2459 1354 1373
3062 1615 1410
4140 802 1687
1072 1710 1573
2810 1715 1537
4617 1632 1463
2366 1624 1829
2466 1295 1407
2511 1642 1409
989 808 1696
2464 1439 1412
4871 1412 1414
5842 1639 1500
5637 1550 1421
645 1346 1900
4191 1614 1402
4544 1557 1422
4797 1425 1429
500 1641 1517
4213 1284 1411
4177 1411 1410
241 1454 1437
1127 855 1518
3314 1565 1425
3345 824 1600
4226 1287 1415
917 1335 1371
2024 1568 1421
2175 1747 1653
4023 1258 1437
2043 1547 1436
3239 833 1678
5079 1702 1535
768 1340 1369
3568 1629 1393
402 1442 1432
3598 1566 1419
3915 810 1691
3628 1066 1460
6220 1365 1959
3322 1637 1509
516 1570 1406
2808 1708 1546
5627 1420 1416
1172 927 1524
4312 1349 1368
4101 1637 1453
1514 1012 1476
1246 1703 1579
5393 1649 1531
1285 1718 1527
2399 1756 1675
3224 1761 1668
5681 910 1524
3205 1528 1442
5970 1487 1452
2387 1761 1647
991 798 1705
1391 1415 1412
2184 1420 1948
890 1638 1433
4733 1560 1425
571 1643 1536
4209 1697 1729
737 1578 1904
5608 1705 1591
5610 1417 1407
3093 1752 1654
4947 823 1580
1704 1690 1743
5209 843 1665
3641 815 1693
3857 1697 1559
475 1017 1471
1682 1320 1377
4771 1309 1394
781 1720 1603
2976 1308 1397
4697 1645 1407
924 1354 1378
2784 1566 1405
5579 1755 1647
4091 1766 1655
1807 1225 1473
2828 1691 1544
2859 1742 1641
3620 1623 1400
4283 1013 1478
5854 1762 1650
6125 1413 1416
3787 1489 1454
3721 1602 1427
3873 1562 1421
5461 1705 1533
4967 1706 1571
1912 1718 1530
5148 1383 1396
5793 1638 1516
145 850 1512
1473 1695 1541
2744 1210 1495
5024 1700 1566
6093 815 1672
1 836 1664
621 1744 1648
3730 844 1522
5558 1413 1942
1217 1469 1441
2696 1595 1418
2811 1484 1946
3688 1691 1730
3840 828 1565
89 1405 1411
193 1652 1790
4891 1642 1799
5270 1643 1430
4924 1139 1501
5645 1764 1660
6166 1268 1418
2837 1624 1402
4858 863 1524
5709 1642 1541
153 1542 1434
1432 1643 1499
5131 1630 1466
828 1578 1392
3582 1609 1408
262 1497 1456
3584 1749 1658
1256 1402 1404
5037 1519 1915
612 1721 1540
2544 1708 1538
4494 1066 1468
1527 1711 1568
2115 1755 1650
4695 1608 1403
5215 1633 1405
968 1448 1419
3698 1729 1698
4862 1676 1750
1013 1596 1399
1845 1605 1407
6219 1632 1400
1762 1327 1370
5434 1697 1547
5671 1633 1421
5601 1639 1505
1781 1583 1412
2369 1581 1413
2397 1109 1486
3463 1665 1546
4322 1600 1415
6174 836 1522
249 1578 1405
5881 901 1521
4912 837 1537
5187 1630 1455
1359 1600 1403
2543 1745 1655
1383 1636 1513
1821 1564 1409
2254 1515 1450
1260 1593 1876
4704 1591 1423
1516 1709 1581
1587 1634 1417
4380 1644 1489
5254 1648 1794
5942 1592 1429
1125 831 1562
1376 1423 1423
1811 1595 1434
3647 1707 1554
4438 1647 1535
2273 1520 1446
4746 1635 1435
268 1341 1376
724 1599 1869
4915 1573 1409
3557 1465 1439
5289 1637 1393
5654 1530 1449
822 1705 1583
2148 1116 1481
943 1438 1417
3214 1600 1424
1067 1249 1446
980 1074 1466
5889 1636 1520
1653 1631 1437
267 978 1501
813 1761 1663
556 1623 1395
1193 1688 1741
3171 1243 1413
4354 845 1517
3418 954 1754
2081 1163 1490
4437 1576 1396
861 1693 1566
1097 1406 1408
5043 1637 1445
4605 1529 1928
421 1422 1411
2641 884 1721
3373 1698 1573
5073 1209 1498
6101 1685 1552
2114 1736 1693
2083 1633 1394
4571 1366 1379
2801 1618 1403
4353 1598 1864
4607 1577 1415
1407 1393 1393
996 1585 1417
1141 1759 1648
35 1234 1469
3703 1504 1456
6097 1065 1463
1114 1598 1407
1752 1361 1377
2492 1640 1417
3727 1649 1789
4408 1036 1466
432 1731 1539
5963 1252 1426
1678 1635 1438
3794 1650 1538
5253 1128 1493
2597 1708 1530
4930 1642 1494
82 1578 1397
631 902 1529
1913 1511 1450
2018 1532 1443
2252 1631 1395
469 1653 1543
1017 1687 1542
1559 1653 1536
4855 1587 1398
4433 1219 1480
1554 1717 1709
4730 844 1572
216 1738 1641
1351 1396 1396
5373 1596 1431
1579 1626 1407
5786 1645 1412
2681 1640 1519
1521 1636 1498
3661 1575 1898
6126 1627 1480
5435 1633 1468
873 1140 1496
4294 1552 1419
1229 1437 1409
2690 797 1669
3388 1379 1389
2311 1571 1898
4434 1634 1410
3371 846 1530
1995 1135 1501
2642 1241 1448
5629 1558 1430
1259 1495 1929
3366 1438 1430
2721 1239 1451
3085 1234 1426
3354 1636 1420
63 1711 1715
147 1355 1933
1799 793 1695
2330 1490 1449
3070 1699 1555
4286 1603 1415
620 1702 1544
1093 1306 1394
1154 1131 1490
4798 1691 1539
3476 934 1529
326 1233 1443
374 1679 1546
2076 1639 1452
3933 1721 1703
1162 1611 1848
6086 1638 1807
1509 1756 1655
1506 1706 1578
1775 1502 1450
1833 1220 1483
5138 1760 1653
5402 1641 1510
5062 1631 1469
5164 1662 1766
5186 1326 1380
590 1721 1533
2049 1447 1414
1780 1381 1394
3251 844 1620
5414 1686 1750
1960 1629 1451
2942 1654 1538
6147 1673 1754
829 1549 1435
1564 1607 1413
3496 1542 1926
5760 1639 1413
2411 1319 1393
414 1629 1405
3797 1641 1441
6202 1724 1613
2917 1301 1404
4599 874 1528
5454 1552 1921
2299 1605 1418
3790 1335 1928
4592 1290 1411
4726 806 1682
384 1628 1399
2547 1675 1552
445 1551 1916
299 858 1523
827 825 1585
1039 896 1524
1191 1626 1459
2554 1600 1433
3607 1338 1368
4838 1265 1418
5157 1571 1903
6012 1559 1411
6131 1372 1945
4121 1743 1681
6048 1644 1424
977 839 1569
5321 1715 1585
5996 1642 1809
1697 1717 1589
4931 1643 1806
849 1722 1599
2555 1662 1545
3054 1694 1534
709 1320 1388
1835 1657 1543
3044 1718 1612
3848 1537 1435
4478 1330 1369
2728 1643 1805
1055 1468 1443
1921 1435 1412
3616 1332 1372
4677 821 1739
1456 1266 1428
2126 1537 1921
5156 1645 1495
559 814 1654
3138 1609 1417
1405 1620 1836
2628 1291 1408
3899 1693 1562
6190 790 1683
74 1285 1414
1063 1378 1383
3965 1508 1449
5107 1629 1463
3430 1635 1432
39 1756 1666
836 1624 1472
3778 1550 1922
3879 1391 1392
4793 1486 1931
5411 790 1692
2863 1633 1449
4355 1397 1399
4154 1704 1546
4657 1715 1600
4975 1279 1414
3173 1432 1430
3465 1520 1449
5175 1428 1411
5948 1299 1405
4055 1540 1429
1885 1175 1489
304 793 1671
377 906 1525
448 1025 1470
4081 943 1521
5768 1427 1945
807 1343 1379
2760 1646 1532
3109 1234 1464
5326 1474 1445
3761 1699 1741
1346 1633 1475
2626 1587 1414
119 1682 1751
1379 1634 1469
2079 1723 1537
2389 1312 1385
2904 1586 1421
4559 1613 1868
2486 1708 1587
2521 1686 1559
444 1606 1416
2432 1467 1448
3013 1262 1424
3504 1641 1534
5477 1737 1687
2409 1590 1413
3970 1492 1455
913 822 1563
942 1599 1413
928 1466 1444
1929 1689 1545
1478 1689 1548
3278 1712 1541
4402 1325 1385
5784 1618 1400
2762 1745 1677
5297 1691 1531
3705 1410 1405
5460 830 1554
1510 1407 1402
387 1644 1486
5695 1559 1417
5766 1741 1688
3585 1722 1527
868 1432 1416
3710 1268 1426
4501 1665 1756
5679 1629 1824
719 1100 1471
770 1741 1653
1916 875 1712
2312 1250 1435
3120 1635 1463
3378 829 1558
146 865 1729
1540 980 1498
3165 1657 1554
3303 825 1605
4060 1677 1545
2483 1571 1417
3308 1639 1492
3997 1593 1408
4235 1690 1571
557 1337 1870
583 1686 1734
1210 1641 1523
1651 1141 1489
1094 1561 1906
4976 1753 1680
5767 1499 1450
729 1727 1540
754 1714 1589
2390 1049 1468
4109 1124 1490
5770 1627 1470
54 1760 1660
3291 1664 1767
4670 1310 1396
4985 1721 1543
496 904 1521
2071 1647 1490
1288 1146 1490
3113 1587 1879
3763 1640 1486
683 1639 1531
3743 1633 1465
5761 1710 1717
6105 1639 1403
2125 1133 1492
4466 1513 1923
956 1347 1377
1582 1719 1545
190 1587 1424
4582 1583 1404
487 1642 1422
2578 1638 1494
2676 1763 1658
6251 1444 1417
3898 1566 1408
6200 1617 1839
1029 1317 1378
2420 1519 1924
5860 1706 1586
2987 1754 1672
969 1206 1493
3235 1376 1390
5339 1096 1469
5802 1030 1470
2075 1430 1431
5070 1048 1466
840 1717 1603
1049 1750 1663
3490 1691 1564
5934 1222 1485
4405 1314 1397
144 1628 1446
3841 1286 1410
5863 843 1634
2582 818 1561
4892 1653 1787
1326 1039 1465
316 1603 1432
5223 1700 1727
5525 1583 1399
1741 836 1553
4486 1758 1673
4073 1620 1398
1129 1579 1417
5840 1625 1393
1385 1427 1948
5788 948 1516
5244 1514 1452
2147 1077 1463
2473 1417 1411
4667 1444 1421
5118 1390 1396
1948 941 1526
5369 1725 1534
5660 1008 1481
1915 1691 1733
3181 1519 1917
6128 1644 1493
1689 1571 1411
1066 1751 1645
269 1701 1554
2836 1481 1449
4633 1084 1470
5917 1722 1604
4092 1502 1921
904 1567 1907
4917 1757 1670
4904 1315 1379
5293 1008 1470
246 1754 1689
2186 946 1508
2248 1750 1518
2743 1382 1963
2891 1663 1520
3187 1454 1408
3264 828 1514
4683 812 1608
4768 1743 1698
5546 1511 1929
700 1215 1476
1505 1654 1450
1614 1596 1893
3413 1728 1612
979 1653 1454
3644 1751 1506
3595 1730 1523
835 1324 1366
1295 1751 1521
1331 1755 1545
1879 1655 1531
2027 1258 1419
3836 1672 1536
4000 1638 1466
5553 839 1515
2402 806 1673
2735 1721 1559
2832 1672 1540
3712 1671 1538
5251 1718 1575
3043 1728 1603
4256 1084 1458
5594 1755 1509
945 771 1697
5538 1754 1684
3648 1750 1528
743 1238 1420
2678 1733 1623
2689 1651 1462
1990 1331 1963
4552 1734 1511
4262 987 1485
3098 1742 1516
5240 1726 1578
5721 1224 1434
5874 984 1480
566 1534 1426
1561 1732 1586
83 1731 1508
1462 1659 1410
2612 1492 1437
3480 1646 1451
5871 1651 1396
912 1358 1959
5054 949 1513
789 1369 1367
3508 1770 1666
4359 1590 1895
4514 1654 1497
3421 1740 1538
5803 829 1634
1852 1662 1509
5354 1230 1439
5507 1653 1472
5719 1724 1588
563 1519 1932
1416 1447 1425
3383 1456 1424
4194 920 1515
6077 1723 1551
1815 1272 1406
2152 1641 1476
3773 921 1514
4136 1737 1537
6224 1722 1504
214 1248 1421
3941 1711 1554
4540 1462 1414
5169 1755 1540
5248 1357 1364
2307 1733 1705
2890 905 1514
3803 1504 1938
4802 1041 1460
3938 1212 1469
5190 1761 1685
1247 1349 1357
4301 1445 1403
4457 1750 1499
5438 1669 1534
6141 1331 1363
1232 1655 1479
1563 1561 1926
4560 1369 1372
5928 1710 1722
6072 1574 1920
3086 1308 1379
4554 1775 1658
4613 934 1517
5600 1217 1462
5830 1369 1963
6088 1734 1518
6216 810 1593
3511 1744 1503
3985 1713 1565
4319 1746 1691
4139 878 1520
5880 1727 1507
3686 1742 1525
2403 1756 1522
4563 767 1702
5397 1755 1641
5829 1653 1507
2795 1433 1402
4097 1382 1380
4553 1615 1851
4962 1364 1365
1502 1648 1496
2253 1433 1409
2384 1646 1506
3597 1721 1588
3954 1391 1381
4147 1002 1472
1329 1746 1509
820 942 1514
3286 1642 1815
5887 1633 1824
49 1395 1387
3186 1761 1521
4347 1770 1659
4721 812 1637
6063 1677 1537
6246 1654 1403
2589 1732 1550
3580 1069 1456
4516 1741 1502
1130 1704 1725
1427 1448 1405
1763 1749 1496
2045 1256 1398
2327 1730 1580
2530 1650 1427
362 1729 1593
971 1733 1503
1570 1654 1468
2570 1656 1430
3638 1229 1403
3071 1731 1618
3114 979 1486
4261 1588 1896
4299 1341 1356
4674 1652 1478
990 1728 1517
1148 1700 1746
4399 1746 1518
4412 1218 1458
5909 1722 1556
6081 1717 1522
616 1721 1552
4204 836 1510
3904 1223 1429
2368 1673 1541
5381 834 1656
891 843 1505
3321 1241 1397
4656 1724 1568
2564 1764 1674
3356 1733 1603
3728 1350 1972
4027 1759 1531
995 1670 1540
2218 1643 1468
5055 1739 1633
322 1378 1375
3011 1246 1398
3839 1507 1443
2297 1726 1553
5312 1744 1534
3246 1741 1633
6188 1661 1534
2150 1028 1466
4510 1645 1483
6071 1714 1550
1840 1750 1545
5693 1646 1429
2632 1750 1540
4080 1735 1702
4149 1126 1477
5162 1749 1510
22 1465 1426
285 1459 1419
2505 1724 1562
2599 1654 1489
2706 1727 1609
4086 1637 1473
291 1727 1705
1680 1500 1445
3572 1112 1467
5801 1668 1542
1381 1713 1525
1997 1232 1417
2552 1462 1433
695 1492 1444
5234 1344 1364
254 1642 1464
2082 1342 1358
2414 1680 1528
3211 1619 1866
3135 1737 1506
5595 1712 1517
1320 1703 1526
1903 1235 1409
3399 797 1656
3512 1652 1417
4519 1295 1399
4777 1604 1864
5128 799 1678
3304 1736 1550
4010 819 1542
5509 1673 1530
927 1573 1916
2798 1745 1496
3143 1747 1513
6230 1656 1407
3300 1757 1504
2729 1718 1718
3078 1737 1530
122 1656 1501
3681 823 1628
5045 1652 1526
5730 1708 1514
4581 1722 1580
188 976 1490
399 1333 1915
3040 1718 1513
660 1716 1554
1011 1234 1402
3670 1417 1398
5150 1311 1381
5625 1372 1971
920 1594 1900
2199 811 1623
2892 1511 1446
4564 1335 1360
2262 1660 1518
3438 1123 1469
3502 1405 1397
1768 1657 1793
3377 1352 1362
3676 1730 1703
5464 1725 1709
5471 1086 1461
2819 1728 1615
3957 1494 1440
4500 1263 1392
2662 1647 1466
307 1665 1511
4208 1745 1693
5174 1487 1437
1019 1514 1442
3149 1233 1410
2375 1380 1374
4591 1174 1483
511 1610 1892
940 1741 1694
1032 1652 1528
1344 1209 1471
2983 1730 1589
2991 1548 1925
6065 1718 1518
270 1736 1622
4337 1399 1390
1860 1250 1398
2947 1408 1961
5502 1725 1579
1670 1748 1642
407 1757 1643
1490 1655 1465
505 1459 1432
441 1231 1420
4394 1527 1431
2691 1346 1362
4745 1436 1960
5022 809 1606
5908 1728 1523
1035 1766 1679
3201 1510 1933
3245 1655 1442
4063 809 1551
6118 1662 1505
2244 1473 1439
5570 1657 1513
213 1372 1374
650 1744 1501
5846 1673 1533
4095 1227 1420
5955 1187 1481
5708 1222 1449
3555 1647 1458
4652 1408 1390
5897 1753 1542
308 1410 1391
1671 1516 1435
1784 1646 1816
1417 1656 1427
3363 1429 1400
3576 1318 1367
4992 1210 1485
5427 1681 1760
3284 1405 1956
5975 1770 1668
565 1652 1434
2489 1644 1446
2803 1719 1571
6144 1649 1507
340 1640 1461
2732 1357 1355
3298 800 1673
3800 1503 1445
4369 1349 1964
6213 1173 1474
703 1695 1754
826 801 1576
2326 1326 1948
4792 817 1564
2050 1530 1427
3432 1518 1438
3886 1652 1504
4232 1745 1526
4475 1413 1402
1600 1712 1513
824 1774 1646
2720 1659 1491
4229 1478 1440
6080 811 1605
2888 1722 1508
4506 1463 1435
555 1196 1483
1884 1488 1443
2108 1466 1436
2121 1712 1561
1569 1699 1751
2406 1771 1642
2510 1658 1497
2950 1223 1414
3932 1664 1777
5932 1726 1504
811 1347 1359
1817 1249 1393
4799 1734 1552
4979 1726 1600
5469 1500 1441
6253 1758 1514
427 1341 1362
2003 1314 1369
4748 1063 1452
4842 1694 1750
5514 1229 1430
5922 1640 1481
3766 1721 1498
600 1268 1413
1294 1749 1543
4100 1735 1533
5611 1734 1611
5960 1654 1444
1911 1029 1465
3481 1481 1442
5084 1228 1453
1334 1667 1536
3895 810 1601
62 1727 1606
740 1733 1525
1596 1672 1760
3822 951 1507
4832 1698 1523
6250 1645 1510
2631 1750 1537
2332 1652 1495
3285 1736 1539
3924 803 1672
4239 823 1531
5274 1408 1970
179 1228 1414
2843 1139 1481
2699 1660 1535
4032 1227 1413
3306 1529 1428
5256 1580 1907
5275 1610 1879
5816 1730 1509
2347 1705 1516
715 1204 1491
3053 1329 1365
5926 1665 1484
2093 1674 1768
3640 1658 1536
1757 1728 1549
2448 1525 1430
5242 1239 1440
5825 1217 1451
292 1603 1882
921 1661 1527
2028 1039 1460
4435 1650 1452
774 1219 1426
3591 1731 1562
280 1359 1367
3862 1299 1388
5735 1456 1414
4722 805 1581
882 1603 1866
1987 1237 1411
2639 813 1555
5578 1656 1785
5612 1644 1437
3069 1483 1955
4117 1654 1413
1952 1061 1459
3847 1755 1520
5347 1470 1432
298 1712 1523
5806 1080 1459
4318 1131 1478
5990 1543 1422
2002 1729 1596
2712 1727 1594
3891 1700 1525
680 1707 1518
2821 1740 1523
4449 1759 1538
5959 1662 1781
2882 1434 1425
3170 1235 1439
4791 1064 1455
1465 1354 1366
1943 1712 1724
2751 1189 1482
4448 1744 1508
6231 802 1563
1089 1720 1711
4112 828 1529
1896 1464 1434
2638 908 1512
483 1678 1758
586 1717 1573
2605 1670 1531
4925 1306 1389
5023 1718 1549
6168 1277 1406
1268 1242 1433
3131 1530 1437
5282 1226 1455
1123 1228 1432
3050 1649 1513
1047 1299 1393
4410 1724 1706
1282 1739 1541
2376 1244 1407
1679 806 1596
2960 1185 1479
3674 1650 1470
2068 1737 1619
4202 1751 1512
3052 1344 1362
3419 810 1626
4172 1743 1494
5264 1644 1478
5470 1478 1432
2889 1701 1523
4025 1646 1448
1291 1758 1544
2194 1725 1711
3806 1535 1422
5492 1752 1540
5698 1718 1583
183 1645 1400
3813 1661 1512
5288 1239 1400
1501 902 1517
2113 1772 1649
4316 1644 1395
5813 833 1514
2893 1731 1583
3781 1627 1832
2053 1403 1391
5931 1769 1675
3696 1200 1479
4631 1677 1523
127 1600 1884
706 1356 1362
1608 1696 1526
4313 1458 1427
5634 1519 1434
1205 1364 1368
4716 1499 1437
5439 1766 1644
2351 1746 1512
3608 1662 1783
3995 1744 1545
4882 1649 1420
5896 1213 1485
1461 1733 1551
2070 1621 1844
4641 1193 1486
6198 1666 1774
1936 1646 1474
1963 1671 1773
2497 1389 1386
5796 1469 1429
907 1646 1398
5688 1751 1641
1286 774 1721
1487 1654 1484
3210 1717 1503
4151 1667 1774
5103 1430 1404
1375 1651 1413
4503 1271 1413
1296 821 1666
3156 832 1519
3990 1364 1970
5095 1249 1412
5136 1718 1508
5869 816 1609
6004 1327 1366
3805 1648 1808
5086 1753 1536
493 1018 1468
711 1655 1436
1927 942 1767
2269 1404 1387
4287 1309 1383
2923 1648 1424
3738 1734 1498
5002 1297 1396
1705 1290 1402
3429 1484 1443
5230 1355 1356
5817 1048 1456
5866 1259 1414
5951 1738 1500
6055 988 1480
1300 851 1766
1953 1638 1482
2435 1729 1563
3937 1752 1515
5019 1754 1522
5811 1669 1518
110 1457 1413
3908 1263 1409
4187 1774 1651
504 1310 1944
5635 825 1534
185 1694 1755
3327 1736 1494
3832 1652 1457
4585 1720 1568
4643 1277 1409
5655 1724 1504
492 1723 1587
389 1340 1355
3500 1274 1412
4076 1463 1421
4406 1653 1514
3528 1742 1546
684 910 1512
5394 1730 1551
5682 992 1482
2655 825 1517
4379 1709 1728
5149 1714 1572
5277 1752 1525
5783 1650 1435
522 1662 1533
2295 1467 1437
2316 952 1510
2775 1723 1593
4155 1730 1700
5098 1746 1529
1785 1405 1388
14 1501 1440
371 1458 1430
1700 1671 1524
2177 1759 1542
3008 1732 1569
3022 1673 1765
3046 1744 1634
6208 1677 1756
3305 1386 1968
3894 1682 1755
4620 1728 1570
1366 1415 1401
3302 1737 1626
3827 1614 1850
4333 1413 1392
5605 1765 1648
6057 1709 1738
1018 1723 1567
3928 1545 1422
4118 1658 1506
2792 1756 1682
2796 1736 1625
6011 1716 1576
4184 1238 1439
5622 1410 1957
422 1657 1503
4259 1660 1776
3144 1645 1450
5676 1265 1415
1365 1386 1382
1702 994 1477
2884 1648 1402
1091 1642 1460
6054 1206 1474
288 1704 1729
698 1681 1757
1947 1653 1500
2911 1618 1872
4625 1648 1455
5305 1647 1450
140 1762 1643
3645 1722 1518
6045 1652 1487
1873 821 1544
2122 908 1516
2758 1735 1617
3718 1647 1443
4922 1658 1482
4923 1657 1422
5669 1741 1500
4029 1303 1390
4939 1653 1429
975 1659 1530
3452 1773 1661
1241 1736 1699
3980 866 1752
3897 1090 1459
186 1654 1492
3485 1307 1386
4041 1598 1876
345 1753 1519
486 1657 1798
4789 1758 1523
306 1225 1422
614 815 1564
1390 1199 1475
2431 1415 1966
3542 1609 1866
4814 817 1554
5939 1709 1558
6006 1745 1519
702 1514 1937
2619 771 1725
2208 1509 1938
2909 1183 1487
5428 944 1758
3420 1670 1767
3775 796 1748
4421 1748 1535
3089 1112 1472
5744 1471 1959
6194 1723 1576
2846 771 1694
3075 1514 1437
4769 1645 1460
6155 1650 1516
5359 1734 1608
2334 814 1559
4589 1453 1415
5677 1620 1864
5819 1663 1514
5847 824 1539
2380 1303 1843
1131 1754 1529
5064 1243 1422
5900 1713 1570
5950 816 1638
2285 1237 1422
4827 1442 1954
5941 1667 1530
3829 1649 1407
3099 1605 1870
1895 1377 1378
2127 1257 1391
5389 1651 1802
5875 1729 1500
4480 1217 1471
3734 1562 1929
4574 1653 1437
5565 1509 1442
797 813 1570
408 848 1510
5374 896 1515
767 1238 1425
423 1504 1442
2708 1192 1492
3635 1740 1520
4116 1230 1455
4199 1663 1527
5905 1645 1469
1116 1682 1523
2223 819 1528
206 1660 1528
2117 978 1493
2592 1424 1403
4246 1644 1811
1057 1747 1689
1279 820 1535
3910 1397 1394
5467 1361 1362
310 1649 1520
1052 1646 1517
2382 1490 1441
2558 1695 1745
3639 869 1515
4357 794 1655
5226 1514 1444
4113 1724 1511
5214 1253 1411
1580 1706 1732
5495 1614 1881
3503 1173 1485
3680 1433 1423
3818 1523 1436
495 1441 1401
1428 1663 1530
2063 1724 1496
3505 1386 1384
5704 1464 1417
2349 1609 1857
2886 991 1475
3243 1158 1484
5930 1486 1439
951 1352 1357
2488 1647 1475
5642 1639 1816
2781 810 1581
5192 1725 1508
2834 1733 1561
2212 1624 1860
2919 821 1762
2969 1643 1483
3551 821 1583
3887 1601 1874
4005 1386 1378
3562 1551 1926
3609 1655 1525
233 1769 1648
5587 1228 1440
37 1062 1455
1056 1754 1504
1209 1684 1755
1649 1700 1519
3265 1070 1457
5443 1255 1394
638 1741 1701
530 1522 1433
3764 1648 1514
3783 1317 1375
3795 1757 1529
443 1450 1429
3097 1350 1365
4687 1654 1470
2502 1257 1407
4755 1775 1652
3882 1456 1963
5366 1648 1478
5734 1657 1505
1434 1686 1756
2957 1721 1577
1899 1649 1459
2041 1733 1556
2331 1573 1914
4539 1756 1502
4688 1729 1621
4908 1451 1425
1932 816 1605
3142 1510 1437
3357 1646 1479
4123 1769 1638
5511 1658 1788
92 1666 1517
1337 1295 1391
2594 1707 1549
4098 1309 1932
4767 1659 1483
5701 957 1504
5958 1224 1437
6204 1211 1468
3336 1556 1929
3426 1659 1425
3474 1446 1411
1307 1646 1503
1693 1400 1393
1944 1715 1569
2289 1731 1501
4756 1730 1504
1460 1482 1432
2610 1656 1440
2242 1232 1432
139 1199 1484
2077 1733 1514
3349 1723 1515
4996 1244 1435
2540 1755 1527
4011 1589 1900
6041 1224 1461
2016 1732 1593
2095 858 1506
2354 1641 1389
1711 1656 1495
802 1471 1428
6111 1024 1467
176 1643 1390
533 1246 1430
1283 1767 1662
2499 1165 1476
4785 1767 1640
2816 1743 1689
6225 929 1514
935 897 1518
3909 1708 1526
588 1747 1531
2072 1539 1423
2020 1734 1530
2283 1645 1394
3057 1366 1365
2195 1078 1454
629 1721 1514
2202 1706 1521
4071 774 1686
4216 1736 1536
397 1443 1409
1769 1647 1804
5238 1214 1460
5512 1736 1546
779 1751 1686
4910 1677 1762
489 1661 1407
4636 1305 1362
796 1677 1498
1324 1001 1460
2360 1507 1946
2385 1744 1615
4650 1662 1441
2235 1665 1455
3259 1700 1515
5994 1717 1729
1316 1599 1910
2120 1746 1591
3713 1671 1432
4440 1743 1572
1064 1747 1702
1722 1672 1481
3785 1757 1479
3289 1355 1329
2054 1775 1518
3074 1685 1770
6090 1722 1453
1165 1783 1634
3760 1678 1779
987 1767 1484
2759 1773 1543
4711 1753 1455
2356 1752 1456
2989 1662 1498
1196 1502 1427
2278 1160 1472
2807 1776 1631
3164 1400 1379
2450 1761 1550
4615 1741 1547
3319 1262 1395
5200 1758 1547
211 1753 1559
644 1667 1478
889 1741 1619
1108 1745 1588
1798 1133 1459
2240 1667 1454
4278 1767 1511
896 1741 1561
3509 1183 1460
129 1677 1493
3967 1659 1393
1882 1685 1514
2220 1390 1372
4602 1769 1519
5468 1776 1680
3244 1503 1436
2831 1736 1591
3087 1218 1405
3158 1781 1631
3711 1383 1356
883 1650 1820
3000 1675 1451
4106 1273 1392
1287 1760 1553
5130 1784 1660
544 1689 1521
2867 1421 1391
3621 1051 1450
3119 1664 1795
4784 1671 1498
5218 1740 1706
578 1731 1715
205 1681 1466
944 1753 1569
1025 1706 1746
4682 1745 1569
23 1413 1389
1198 1352 1347
4352 1734 1576
5210 1607 1892
5510 1727 1464
1243 1574 1925
1394 1744 1484
1842 1046 1452
4826 1309 1370
356 1349 1350
2576 1676 1781
6244 1305 1372
506 1751 1636
4186 1730 1466
3971 1662 1461
4265 1748 1696
4389 1597 1901
4588 1579 1388
4841 1751 1577
5717 1677 1500
2286 765 1741
2134 1677 1485
5121 1669 1471
1476 1520 1426
5907 1759 1477
5848 1554 1410
3765 1774 1680
5899 1775 1670
1744 1787 1648
2176 1213 1406
5009 1737 1478
2602 1632 1840
4323 1418 1386
930 1384 1357
6015 1678 1772
2151 1708 1744
6096 1547 1945
15 1683 1522
2574 1752 1474
2585 1607 1885
3139 1580 1919
4737 1777 1534
1590 1393 1374
2205 1574 1935
2865 1703 1508
4215 1666 1490
479 1440 1394
2284 924 1511
5805 1672 1424
694 1765 1636
1107 1763 1493
2421 1765 1638
5399 1202 1458
6000 1471 1424
5333 1671 1409
4715 1378 1362
6234 1666 1436
1340 1720 1736
2899 1304 1931
5562 1738 1550
1993 1739 1568
168 1204 1438
5756 828 1508
838 1467 1409
2110 1692 1503
200 1128 1469
4004 1767 1515
5416 1508 1428
4808 1447 1382
5844 1667 1419
1983 1767 1517
2992 1753 1493
3693 1713 1739
2119 1783 1665
579 1747 1553
1373 1686 1516
1867 1397 1380
708 1766 1497
1065 1766 1542
5773 1206 1468
630 1715 1745
859 1745 1574
1479 801 1553
1698 1724 1459
1980 1726 1485
3296 1674 1446
5408 1741 1477
6024 1330 1357
6137 1288 1391
5849 1636 1840
320 1348 1333
2009 1270 1401
5415 1738 1587
5249 1777 1540
5452 1269 1383
3155 1738 1555
4927 1427 1384
1520 1485 1426
1796 1195 1445
2812 1345 1336
4053 1783 1644
5074 1645 1371
424 1771 1534
1271 791 1561
2051 1674 1510
4104 1665 1449
514 1671 1476
6108 1732 1449
1795 1750 1487
3929 1479 1422
4583 1763 1479
5703 985 1475
6182 1390 1359
1304 1684 1476
2328 796 1603
2823 1218 1401
3090 1760 1636
3257 1670 1786
3799 1641 1369
4119 1648 1378
4429 1747 1607
4460 1452 1389
2436 1759 1483
2780 1685 1468
5885 1467 1423
6158 1459 1402
1513 1462 1408
5573 1761 1507
379 1747 1449
1216 1783 1652
2372 1744 1449
4340 1683 1484
5199 1682 1491
5421 1701 1510
6064 1680 1494
2557 1428 1387
3110 1764 1526
6052 1473 1412
346 1217 1398
2128 1744 1486
2215 1713 1460
3724 1741 1473
3769 1579 1384
4968 1741 1564
5631 1758 1457
5998 1342 1350
3301 1406 1384
4830 1716 1735
57 1778 1522
1691 1280 1398
2514 1777 1679
3288 1750 1477
4601 1768 1532
324 1193 1447
2192 1668 1791
33 1764 1501
3015 1210 1455
4090 1445 1377
2065 1213 1427
3732 1440 1376
5151 1664 1459
5290 1205 1460
4181 1332 1358
5484 1304 1367
1106 1740 1592
4069 1742 1463
4397 1575 1393
697 1622 1849
2916 1752 1551
3596 1740 1588
5163 1468 1407
2748 1367 1350
4214 1751 1549
4709 1629 1839
4835 1668 1492
876 1549 1418
1713 1201 1450
2274 1669 1511
2463 1458 1405
1230 1437 1379
1864 1681 1508
6136 797 1593
1239 1568 1397
1942 1189 1467
4883 1722 1477
5160 802 1542
5674 1746 1491
596 1748 1583
2183 1770 1677
2271 1644 1378
4349 1203 1418
5184 1119 1462
5403 1434 1386
3189 1092 1446
4022 1729 1482
20 1417 1382
1854 1447 1388
2444 1312 1363
2746 1314 1361
3064 1212 1437
3042 1701 1506
5337 1647 1825
5383 1725 1455
5694 1741 1583
5718 1342 1339
5178 1336 1352
5670 1442 1380
1574 1736 1561
4666 1734 1487
5398 1676 1504
1380 1696 1516
3487 1734 1462
178 1471 1426
898 1666 1501
1189 1648 1385
3034 1746 1584
3999 1743 1578
1493 1571 1390
6143 1661 1391
6240 1262 1400
5857 1570 1392
55 1668 1499
3845 1769 1688
4250 1636 1834
2666 1742 1575
3082 1500 1431
2993 1650 1812
3179 1522 1940
4529 1661 1398
4954 1498 1947
759 1761 1487
4627 1351 1339
1328 1150 1467
3428 1752 1628
5126 1676 1459
2442 1758 1555
570 827 1511
4999 1597 1904
2764 921 1509
2861 1741 1570
3215 1655 1384
5576 1738 1564
3407 1687 1765
884 1754 1498
3578 1744 1606
3633 1407 1376
309 1755 1554
776 1340 1336
1503 1760 1690
2590 1756 1633
2623 1745 1453
4505 1752 1565
219 812 1521
3947 1746 1566
5505 1271 1395
2822 1776 1635
3945 1338 1340
2107 878 1751
4469 1684 1764
5003 1684 1503
5077 1137 1473
5882 1726 1494
338 1768 1494
671 794 1610
1632 1751 1485
2159 1301 1384
6036 1708 1752
40 1337 1339
641 1374 1365
1648 1672 1465
2281 1669 1445
815 1668 1400
1005 1665 1403
1009 1756 1482
1110 1746 1557
1991 1763 1534
5687 1768 1546
333 1749 1482
2267 1743 1459
3538 1747 1558
3581 1202 1445
1482 1665 1799
4132 1756 1462
3868 1334 1339
1970 1744 1461
2956 911 1510
3520 1747 1454
3684 1679 1468
3786 792 1648
2006 1740 1452
4932 1668 1415
863 1610 1903
2874 1771 1516
2900 1354 1335
936 1594 1912
3115 1737 1571
4276 1592 1914
5233 1443 1381
2603 1210 1413
3410 1786 1662
1950 1776 1491
3748 1377 1357
3863 1658 1470
4366 1532 1940
5898 808 1527
1914 1420 1385
1931 1667 1423
1240 1437 1389
3533 1737 1469
5628 1409 1378
6076 1754 1555
36 1663 1466
1573 1769 1484
6254 1758 1695
5053 1306 1369
1227 1683 1490
1313 842 1498
3290 1315 1357
5168 1371 1353
5259 1748 1614
5602 1753 1629
2876 1675 1477
551 803 1536
2329 1433 1394
3168 1359 1345
2106 1367 1986
4087 1748 1568
4401 1522 1943
1547 1300 1373
3318 1676 1465
3469 1561 1401
3605 1688 1766
6195 1232 1396
5482 847 1502
6042 1774 1676
58 800 1549
2167 1765 1534
3024 1747 1631
3603 1317 1861
5914 1427 1978
5957 1695 1759
3095 1255 1406
1485 1267 1384
2401 1744 1560
3263 1702 1758
6184 1670 1423
75 1696 1511
1113 1666 1415
1592 1664 1445
4812 1404 1378
5300 1719 1465
6043 1773 1681
255 1395 1372
2374 1740 1466
3175 1660 1418
4364 1731 1712
3012 1686 1490
4130 1772 1523
4703 1723 1480
2201 1765 1520
3507 1733 1566
3853 1727 1476
5563 1452 1399
451 1239 1393
93 1770 1495
1777 1614 1889
2482 1743 1591
2713 1353 1353
1440 1658 1438
2090 1680 1478
2771 1346 1353
4867 1565 1401
866 1739 1456
1228 1714 1729
1828 1633 1839
2928 1727 1719
3403 1620 1878
3890 1747 1488
1133 1497 1434
5672 1690 1767
3974 1789 1650
5039 1626 1850
5049 1766 1524
334 1741 1625
1244 1671 1462
3267 1216 1413
6223 801 1614
2862 1665 1475
3506 1365 1351
4507 1573 1394
5686 1544 1937
5689 1685 1512
467 1721 1474
0 1701 1756
2 1763 1539
4 1742 1620
13 1651 1391
16 1609 1875
19 1562 1398
21 1254 1404
25 1359 1349
29 1224 1397
38 1695 1762
41 756 1726
43 1779 1537
47 979 1476
50 787 1622
76 1727 1458
77 1193 1457
80 1744 1595
84 1723 1462
85 1448 1397
95 1769 1527
97 1731 1493
111 1771 1505
112 1447 1384
113 1751 1460
123 1750 1454
126 773 1667
131 1745 1580
133 1763 1528
134 1139 1471
142 1302 1898
143 1673 1451
150 1663 1470
154 1774 1510
157 1744 1709
166 1327 1345
174 1127 1468
175 1661 1426
182 1196 1467
191 1330 1351
196 1352 1341
203 1681 1462
204 1743 1480
220 1291 1388
224 1678 1514
225 1763 1691
227 1481 1962
232 1423 1379
235 1749 1454
237 1604 1388
243 1709 1743
245 1665 1438
247 1282 1389
252 1518 1429
253 1755 1549
256 1420 1390
259 1739 1491
274 1750 1463
282 1774 1546
297 1671 1414
302 1658 1396
314 1299 1378
321 1630 1837
328 787 1630
332 1770 1499
336 1755 1632
343 1360 1352
344 1675 1491
349 1215 1411
358 1326 1349
375 1197 1446
383 1697 1759
393 1764 1639
406 1735 1483
417 1751 1625
420 1641 1376
429 1574 1387
430 1742 1596
434 1208 1457
438 1781 1675
449 1752 1480
452 1778 1663
456 1739 1548
458 1662 1430
473 966 1488
485 1555 1937
498 1296 1380
502 1745 1549
507 1586 1919
508 1769 1544
519 1691 1498
524 1656 1457
535 1777 1642
536 828 1510
541 1330 1347
549 1204 1453
554 1208 1447
560 1748 1562
562 1761 1497
569 790 1754
572 802 1546
573 1638 1831
576 1628 1867
577 1551 1417
584 1376 1361
591 1721 1735
597 1688 1503
599 1667 1788
607 795 1618
610 1667 1508
627 1091 1451
632 1742 1711
649 1667 1430
656 1715 1740
657 1657 1393
661 786 1610
664 1405 1382
665 1743 1603
666 1412 1385
667 787 1576
670 1666 1412
672 1445 1386
679 1674 1467
699 1665 1431
701 1669 1479
716 1256 1405
717 1765 1482
721 1468 1411
725 1755 1491
728 1602 1898
736 1770 1679
738 1758 1451
742 970 1485
744 1574 1932
748 1682 1499
749 1387 1370
752 1636 1838
755 1772 1498
763 1610 1896
765 1670 1433
766 1659 1403
771 1644 1375
773 1371 1981
784 1669 1497
814 929 1509
818 1680 1481
821 1325 1356
837 1666 1497
841 1723 1468
847 1259 1405
850 1744 1552
856 1476 1421
862 1298 1386
864 1214 1453
865 1743 1565
867 1699 1517
869 1737 1582
874 1478 1415
875 1333 1345
881 1733 1474
885 1737 1714
886 1213 1457
887 1668 1427
888 1723 1473
903 1359 1337
911 1663 1474
916 1771 1519
925 1663 1446
931 1617 1882
934 1757 1486
952 1765 1480
953 1399 1384
957 1211 1448
958 1777 1542
960 1381 1373
965 1669 1461
973 1775 1640
982 1499 1940
984 1210 1440
1000 1682 1519
1004 797 1618
1014 1711 1729
1021 1267 1389
1022 1393 1359
1027 1659 1452
1031 810 1534
1037 1752 1484
1040 1713 1732
1051 1019 1460
1053 1659 1429
1062 1727 1717
1070 1660 1430
1073 1762 1481
1074 1492 1433
1076 1747 1457
1077 1720 1456
1080 1780 1517
1086 1219 1407
1088 1203 1437
1096 1688 1504
1098 1385 1368
1102 1736 1486
1111 1786 1654
1126 1005 1462
1132 1222 1396
1134 1069 1447
1140 1448 1377
1147 1777 1529
1152 1761 1477
1153 1762 1515
1156 1519 1427
1157 1084 1450
1158 1183 1473
1159 1741 1610
1167 1334 1352
1170 1451 1392
1175 1214 1434
1182 1395 1376
1195 818 1516
1197 1514 1432
1206 789 1586
1208 1776 1525
1212 1664 1436
1222 1534 1944
1224 1755 1550
1231 796 1636
1234 1361 1353
1235 756 1693
1238 1205 1428
1251 1404 1385
1253 1743 1598
1265 1516 1427
1269 1666 1429
1270 1693 1519
1301 1775 1523
1305 1577 1386
1308 1192 1470
1315 1773 1503
1318 1653 1390
1323 782 1610
1327 1328 1355
1332 938 1507
1336 1213 1422
1338 1765 1530
1343 1648 1382
1352 1761 1695
1367 1379 1984
1377 1769 1503
1378 1756 1489
1382 1273 1378
1384 1754 1478
1389 1228 1399
1393 1772 1514
1397 1562 1404
1400 877 1760
1401 1679 1499
1408 1789 1655
1413 1213 1401
1414 1473 1422
1419 1142 1475
1425 1583 1384
1433 1203 1468
1441 1356 1352
1442 1513 1430
1443 1768 1498
1445 1776 1546
1451 1754 1564
1453 977 1477
1463 1121 1461
1464 1422 1384
1471 1775 1544
1474 1751 1451
1477 1302 1371
1480 1652 1376
1484 1294 1383
1498 912 1505
1500 1769 1517
1519 1596 1915
1526 1335 1341
1532 1669 1486
1538 1503 1943
1542 790 1597
1545 1460 1404
1548 1747 1627
1551 1469 1412
1555 1303 1379
1565 880 1510
1568 1338 1347
1575 1673 1450
1576 1737 1716
1581 1740 1552
1583 1779 1528
1594 1679 1500
1601 1780 1650
1602 1774 1532
1605 1391 1377
1607 1663 1402
1609 1199 1425
1611 1773 1635
1612 1057 1451
1613 1767 1479
1615 1095 1449
1620 1269 1386
1625 1761 1543
1627 1520 1422
1636 1770 1485
1637 1739 1611
1641 1402 1385
1642 1685 1506
1644 1359 1333
1645 789 1607
1656 760 1714
1660 1187 1459
1662 1726 1716
1665 1732 1483
1668 1668 1496
1672 1771 1504
1673 1765 1690
1677 1474 1424
1681 1781 1673
1688 1781 1659
1692 1773 1526
1701 1337 1343
1706 1582 1385
1710 1779 1639
1719 1740 1577
1721 1691 1517
1727 1613 1899
1733 1471 1415
1734 1051 1448
1739 1687 1496
1742 802 1593
1750 1640 1831
1761 1338 1338
1771 1691 1519
1773 1779 1510
1774 792 1558
1778 1137 1459
1786 1768 1543
1791 1661 1414
1801 1735 1583
1802 1652 1815
1804 784 1581
1808 1208 1420
1809 1730 1481
1825 1764 1512
1830 1738 1482
1839 1777 1667
1855 1179 1469
1856 1399 1373
1857 1764 1487
1858 1740 1560
1861 760 1739
1863 1778 1665
1865 1386 1375
1871 1340 1342
1875 1670 1483
1876 1370 1364
1880 1683 1472
1881 1744 1550
1891 1302 1381
1893 1669 1451
1897 1663 1416
1920 1774 1501
1924 1557 1942
1937 1738 1605
1945 1658 1391
1946 1698 1505
1951 1200 1422
1956 1356 1336
1957 1749 1699
1976 1323 1355
1978 1217 1409
1982 1739 1547
1988 1475 1417
1996 1329 1977
2001 1680 1471
2012 1661 1415
2023 1746 1548
2026 1357 1338
2029 1747 1572
2052 1657 1399
2061 1665 1439
2066 873 1507
2067 1479 1415
2085 1214 1411
2086 1195 1427
2087 1658 1797
2089 1673 1474
2096 1688 1510
2100 1743 1465
2101 1780 1520
2104 1685 1470
2124 757 1690
2130 781 1654
2136 1736 1460
2139 865 1510
2140 1133 1466
2143 1741 1612
2146 1649 1375
2155 1502 1432
2156 1210 1462
2158 1746 1609
2161 1200 1443
2162 878 1509
2168 1693 1523
2171 795 1580
2173 1354 1345
2187 1733 1469
2210 1754 1477
2214 1666 1480
2217 836 1501
2230 1445 1382
2232 1778 1667
2234 1085 1449
2236 1730 1462
2239 1350 1333
2241 1734 1709
2247 1760 1455
2256 1157 1467
2257 1320 1354
2258 1745 1563
2259 1531 1423
2260 1672 1461
2261 1666 1464
2264 1757 1553
2288 1779 1649
2290 1191 1437
2291 957 1500
2292 1199 1434
2293 1171 1463
2296 1769 1538
2300 1662 1472
2305 1697 1507
2306 1626 1844
2309 1195 1430
2314 1768 1499
2315 1328 1345
2317 1661 1403
2322 1056 1449
2333 1442 1966
2337 1377 1364
2339 1741 1599
2341 755 1698
2344 1660 1416
2345 1735 1600
2346 1777 1538
2350 1737 1602
2357 1271 1382
2364 1207 1444
2367 1667 1785
2370 1737 1459
2377 797 1581
2379 1645 1375
2381 1349 1338
2383 1780 1676
2394 1734 1481
2400 1416 1378
2416 1694 1514
2417 1672 1486
2418 1668 1418
2422 1786 1636
2426 1662 1397
2438 1693 1513
2453 1667 1461
2465 1680 1462
2469 1009 1457
2472 1653 1378
2474 1373 1360
2476 1650 1376
2478 1425 1378
2480 1695 1513
2484 770 1676
2487 1762 1538
2493 1202 1439
2507 1749 1561
2508 1409 1386
2519 1604 1886
2523 1302 1380
2533 1523 1423
2535 988 1468
2536 1774 1512
2539 1682 1769
2545 847 1498
2546 1445 1398
2550 1658 1457
2551 798 1599
2562 1191 1434
2563 1533 1944
2568 1309 1365
2569 1777 1494
2571 1783 1641
2577 1054 1446
2580 1334 1348
2586 1766 1681
2591 960 1497
2595 1268 1403
2596 1362 1346
2613 1769 1636
2614 1033 1457
2615 1346 1344
2616 1776 1541
2635 1667 1448
2636 1301 1370
2645 1672 1494
2653 1217 1406
2654 1782 1641
2659 1670 1509
2660 879 1508
2670 1665 1394
2671 1665 1487
2673 1425 1379
2674 1178 1459
2682 1694 1520
2683 812 1536
2685 1737 1610
2686 1681 1474
2693 1504 1430
2694 1369 1359
2702 1780 1657
2707 1689 1508
2711 1647 1387
2715 1499 1944
2726 1743 1548
2727 1528 1422
2730 1576 1386
2731 1349 1330
2736 816 1529
2741 1374 1355
2761 1336 1345
2767 1781 1646
2774 1442 1395
2776 1765 1686
2778 1743 1558
2779 1723 1724
2787 1663 1411
2788 1339 1350
2791 1751 1593
2809 1338 1290
2813 1385 1309
2815 1764 1624
2817 1784 1485
2824 1786 1679
2829 1646 1841
2841 1769 1445
2851 1765 1451
2855 1487 1414
2858 1277 1381
2868 1549 1393
2869 1694 1473
2873 1705 1485
2883 1712 1493
2910 753 1740
2914 1674 1430
2915 1772 1623
2920 1414 1345
2926 771 1589
2930 1784 1511
2934 1415 1336
2936 1429 1367
2941 1797 1504
2945 1628 1378
2949 1769 1629
2953 1768 1565
2954 773 1568
2959 1386 1313
2961 1766 1625
2968 1786 1503
2972 1432 1354
2978 1486 1416
2985 1349 1276
2988 1775 1691
2994 1426 1362
3001 1644 1839
3007 1565 1386
3010 1406 1351
3027 1710 1505
3029 1802 1487
3032 1782 1680
3039 1792 1545
3049 1365 1327
3056 1371 1340
3058 1697 1440
3066 1660 1379
3067 1785 1533
3076 1269 1375
3084 1421 1335
3096 768 1590
3102 746 1701
3116 769 1593
3122 1796 1494
3123 1285 1387
3124 1592 1921
3126 1772 1469
3127 1555 1405
3128 1480 1413
3129 1589 1379
3130 1768 1466
3148 1429 1372
3152 1428 1338
3154 1725 1488
3160 1428 1343
3167 1176 1426
3174 1124 1446
3182 1710 1464
3183 1742 1718
3188 1572 1381
3194 773 1609
3197 1788 1536
3202 1739 1445
3209 1763 1616
3212 1687 1783
3213 1440 1361
3216 1760 1472
3217 1755 1611
3220 1334 1290
3227 1796 1646
3248 1367 1289
3255 1359 1287
3261 1787 1491
3266 748 1739
3270 1396 1339
3271 952 1795
3273 1761 1701
3275 1678 1424
3277 1606 1387
3279 778 1630
3283 1761 1585
3293 1771 1474
3295 1337 1327
3297 1718 1442
3307 1363 1301
3312 1791 1487
3316 1742 1719
3323 1667 1811
3333 1413 1330
3335 1724 1730
3337 1618 1382
3340 1435 1345
3347 1409 1368
3348 1357 1285
3350 1606 1381
3353 1716 1491
3360 1799 1655
3364 1725 1443
3367 774 1663
3368 1688 1484
3369 1763 1599
3382 1556 1399
3384 1430 1336
3385 1414 1375
3397 1677 1442
3398 1719 1449
3401 1291 1365
3404 1670 1803
3411 1406 1347
3433 1423 1353
3441 1266 1372
3449 778 1581
3457 1410 1349
3471 1790 1622
3477 1789 1527
3482 1760 1601
3497 1793 1481
3517 1399 1333
3518 1425 1335
3519 1407 1993
3521 1716 1434
3523 1488 1413
3527 771 1597
3532 801 1533
3534 1719 1432
3537 1380 1280
3546 1780 1495
3549 1280 1381
3553 1654 1831
3559 1759 1704
3561 1695 1466
3566 1349 1306
3567 1337 1289
3575 1332 1321
3579 1682 1777
3587 1764 1556
3592 1592 1371
3594 1798 1643
3602 1783 1485
3604 1435 1340
3612 1786 1537
3614 1781 1520
3615 1783 1483
3622 1329 1326
3631 1338 1330
3650 1793 1662
3651 1719 1491
3652 1765 1602
3658 1799 1637
3660 805 1524
3662 1754 1577
3665 1798 1468
3677 1765 1620
3682 1427 1346
3690 1361 1285
3692 1786 1487
3695 1555 1397
3702 1172 1446
3709 1710 1446
3717 1796 1529
3722 1791 1626
3723 1425 1370
3729 1766 1572
3735 1411 1330
3736 1797 1494
3754 1443 1369
3770 1343 1288
3779 1713 1438
3782 1426 1375
3789 1662 1376
3807 1707 1450
3812 1416 1343
3833 1758 1619
3838 1460 1395
3849 1766 1569
3860 1610 1383
3866 1710 1458
3867 1411 1367
3870 1616 1901
3871 1293 1366
3876 1328 1332
3877 1442 1347
3888 1389 1291
3892 1582 1944
3916 1721 1489
3920 1761 1555
3930 1684 1422
3944 1732 1437
3948 1433 1338
3949 1473 1401
3950 1387 1348
3952 1734 1446
3956 1280 1376
3966 1680 1458
3972 1779 1552
3977 1778 1467
3978 1755 1615
3981 1708 1506
3982 1723 1727
3991 1789 1632
3993 1059 1438
4001 1389 1284
4003 1756 1626
4012 1503 1422
4014 1711 1488
4015 1579 1377
4017 1548 1411
4021 1415 1348
4024 1363 1293
4028 1689 1437
4031 1755 1473
4034 1691 1476
4038 1690 1442
4043 1620 1376
4049 1560 1395
4059 1677 1794
4065 1421 1345
4067 1588 1384
4079 1783 1473
4082 1734 1440
4083 1419 1357
4084 1650 1365
4094 1760 1616
4096 777 1617
4099 1763 1625
4114 1761 1441
4133 1351 1293
4137 1771 1557
4144 1692 1454
4146 1095 1444
4148 1366 1301
4150 1434 1353
4153 1706 1501
4157 1432 1347
4158 1459 1393
4160 1407 1371
4161 1765 1622
4165 1332 1292
4166 1360 1283
4174 1630 1385
4175 1690 1443
4176 1766 1551
4178 1699 1442
4183 1427 1331
4185 857 1493
4195 1441 1358
4200 1374 1317
4201 1477 1411
4206 1653 1370
4217 1411 1361
4219 1762 1459
4222 1695 1435
4227 1782 1532
4236 1270 1377
4238 1355 1307
4240 1390 1291
4243 1711 1478
4245 1794 1516
4248 1733 1441
4252 1564 1387
4254 1707 1466
4275 1331 1316
4277 1352 1322
4282 1767 1691
4285 1733 1723
4288 1297 1363
4291 1565 1390
4297 1087 1442
4305 768 1659
4307 1460 1398
4308 1498 1415
4309 1627 1380
4310 1605 1377
4320 1335 1318
4327 1452 1344
4328 1363 1313
4334 1450 1340
4338 990 1463
4370 1676 1433
4375 1379 1280
4376 1126 1446
4382 1685 1410
4385 1753 1587
4387 1788 1636
4393 1314 1344
4396 879 1506
4411 1448 1375
4416 1799 1640
4417 1686 1439
4418 1642 1363
4426 1783 1470
4439 1759 1584
4444 1744 1714
4445 1392 1291
4453 1659 1821
4454 1374 1325
4456 1417 1341
4458 1480 1403
4461 1692 1478
4462 1535 1951
4464 1370 1349
4468 1780 1485
4474 1349 1314
4481 1088 1442
4482 804 1525
4483 1719 1492
4487 1351 1277
4490 1724 1443
4493 1780 1475
4499 1709 1755
4502 1757 1607
4511 1761 1597
4513 1771 1480
4518 1789 1620
4521 1406 1366
4523 1748 1592
4526 981 1471
4536 1739 1441
4541 1793 1479
4548 1449 1358
4549 1353 1300
4550 1794 1475
4558 1391 1296
4566 1323 1339
4568 1564 1381
4569 1768 1555
4575 749 1721
4576 1609 1373
4577 1762 1447
4578 1205 1404
4579 1341 1278
4595 1761 1618
4597 1339 1282
4606 1799 1473
4623 1687 1483
4626 1761 1576
4629 1796 1486
4630 1383 1279
4632 1768 1475
4640 1751 1469
4644 1377 1312
4658 1702 1479
4665 1135 1458
4672 1451 1369
4673 1687 1773
4676 1761 1584
4684 1414 1330
4690 1797 1479
4694 1724 1728
4696 1620 1890
4700 1697 1437
4702 1354 1290
4705 1725 1725
4706 1651 1369
4717 1674 1394
4723 1794 1657
4731 1674 1415
4739 1020 1454
4740 1368 1289
4742 1719 1440
4749 966 1478
4752 1760 1612
4753 1717 1447
4761 821 1507
4773 876 1502
4774 1353 1322
4776 1552 1404
4780 1758 1561
4788 1401 1329
4790 1171 1450
4811 1412 1338
4813 1792 1534
4819 937 1496
4822 1371 1339
4824 1124 1454
4836 1360 1299
4843 1704 1466
4845 1804 1484
4849 1382 1292
4851 1340 1318
4852 1768 1575
4857 1776 1562
4868 1647 1832
4870 1752 1440
4874 1384 1341
4886 1551 1390
4894 1764 1697
4895 1633 1386
4898 1761 1627
4901 1682 1436
4902 1675 1405
4907 1352 1296
4928 1629 1871
4929 1758 1569
4937 1765 1587
4938 1791 1472
4946 1339 1993
4948 1780 1476
4974 1494 1414
4977 1719 1747
4980 1628 1379
4983 1794 1544
4989 1799 1479
4991 1711 1751
4997 1677 1397
5005 1762 1580
5007 1692 1775
5012 1699 1473
5015 1491 1415
5017 1764 1617
5021 1303 1358
5031 1377 1318
5035 1749 1713
5046 1424 1370
5056 1337 1282
5058 1606 1373
5071 1416 1355
5076 1704 1504
5085 1674 1390
5092 1340 1278
5101 1428 1357
5102 1762 1575
5104 1699 1427
5111 1163 1455
5124 1786 1545
5133 1711 1496
5134 1666 1380
5139 1376 1311
5141 873 1502
5142 1795 1633
5152 1786 1483
5153 1448 1374
5154 1409 1361
5167 1769 1472
5172 1724 1491
5180 1407 1331
5183 1745 1713
5189 1385 1346
5196 1304 1359
5197 1783 1523
5203 1623 1887
5211 1351 1285
5221 1760 1611
5224 1651 1367
5228 1765 1561
5232 1419 1355
5255 1363 1315
5260 1435 1360
5267 1297 1367
5276 1792 1668
5281 1687 1471
5283 1249 1385
5284 1380 1352
5295 1756 1608
5319 953 1490
5324 1770 1455
5328 1319 1344
5329 1786 1495
5332 1758 1699
5341 1425 1356
5343 1420 1359
5346 1350 1321
5350 1426 1347
5355 1578 1380
5356 1379 1317
5380 1419 1368
5382 1728 1438
5390 1188 1424
5404 1717 1476
5423 1159 1444
5426 1671 1404
5429 1439 1360
5431 1623 1893
5447 1760 1445
5449 1790 1672
5450 1772 1690
5451 1709 1505
5453 1766 1448
5463 1787 1546
5473 784 1640
5474 1760 1559
5475 1452 1362
5479 1174 1417
5481 1435 1351
5486 1714 1497
5490 1714 1749
5494 1790 1640
5496 1782 1527
5499 1715 1750
5500 1749 1599
5503 1324 1334
5506 1765 1566
5513 1774 1692
5518 908 1799
5519 1429 1335
5520 1149 1456
5521 1300 1365
5522 1680 1413
5523 1791 1513
5524 1686 1421
5526 1676 1794
5536 1706 1510
5537 1371 1286
5543 1613 1909
5549 1572 1386
5552 1770 1561
5556 1292 1371
5566 1412 1359
5572 1743 1715
5580 1378 1313
5581 1572 1383
5584 1780 1540
5585 1364 1335
5589 1378 1336
5590 1353 1325
5597 1565 1391
5603 1199 1399
5607 1756 1614
5618 1600 1375
5621 1711 1486
5624 1755 1441
5641 1775 1471
5646 953 1491
5651 1774 1484
5653 1793 1653
5657 1551 1406
5666 1683 1446
5668 1672 1396
5683 784 1559
5692 1762 1552
5702 1697 1477
5706 1443 1362
5707 1350 1277
5710 1101 1445
5714 1608 1907
5722 1646 1832
5726 1793 1490
5752 1556 1386
5754 1498 1953
5755 1770 1554
5763 1326 1993
5764 1619 1897
5771 1416 1364
5772 1738 1440
5774 1442 1363
5778 1423 1373
5791 1364 1328
5795 1710 1494
5799 1711 1760
5804 1448 1342
5808 1422 1339
5812 1162 1450
5814 1294 1373
5821 1721 1446
5822 1783 1459
5823 1787 1513
5834 1796 1661
5837 1192 1427
5850 1678 1411
5851 1655 1374
5855 1693 1432
5861 1702 1442
5867 1178 1445
5876 1784 1469
5877 1334 1315
5878 1334 1317
5879 1362 1325
5891 1703 1486
5903 1794 1646
5906 958 1487
5911 1732 1717
5918 1561 1391
5923 1484 1407
5925 1748 1440
5927 1381 1314
5933 792 1550
5937 1052 1444
5938 1293 1361
5940 1786 1475
5943 1174 1439
5946 1723 1439
5949 1768 1622
5954 1333 1286
5956 1671 1405
5962 1768 1463
5965 1699 1457
5971 1704 1463
5974 1767 1564
5977 1642 1358
5980 1120 1449
5983 1789 1521
5987 1371 1294
5992 929 1500
5995 1697 1772
6008 1737 1443
6009 769 1663
6010 1333 1320
6018 1702 1485
6020 1709 1447
6022 1342 1314
6028 1385 1297
6030 1798 1657
6033 1610 1388
6034 1371 1315
6046 1792 1516
6050 1711 1436
6051 1750 1471
6068 1703 1454
6069 1708 1464
6074 1673 1402
6083 1617 1383
6084 1383 1292
6094 1088 1441
6095 1790 1629
6098 1398 1989
6106 1739 1440
6112 1783 1480
6115 1696 1773
6116 793 1540
6120 1369 1319
6122 1395 1341
6123 1278 1370
6133 1701 1438
6138 1683 1781
6145 1351 1311
6153 1112 1441
6154 1713 1485
6156 1704 1489
6159 1686 1433
6163 1614 1383
6164 1444 1369
6165 1427 1343
6170 1759 1608
6171 1793 1503
6178 1405 1358
6179 1292 1381
6181 770 1596
6186 1734 1441
6189 1781 1549
6192 1335 1298
6193 1110 1448
6203 1789 1525
6205 1763 1630
6207 1130 1453
6212 1632 1379
6227 1336 1335
6232 1780 1529
6236 1551 1409
6243 811 1515
6245 1713 1499
