1014
977 100 100
763 300 100
618 100 300
35 300 300
801 179 316
793 33 252
628 148 136
456 131 309
443 24 380
519 286 185
211 220 131
355 288 362
48 51 350
309 276 40
474 131 336
695 129 197
603 382 32
325 308 323
82 122 341
244 19 363
696 331 100
93 260 298
129 25 204
194 350 393
928 399 36
195 75 371
345 360 314
299 366 353
6 344 127
1004 379 68
758 4 213
139 304 288
19 90 90
735 148 224
754 95 153
413 150 363
60 317 203
876 25 356
712 224 67
872 343 76
658 395 270
777 349 68
136 60 203
283 106 36
949 383 291
41 232 199
331 263 386
304 83 246
678 8 198
829 235 185
143 328 353
441 392 94
23 161 390
535 219 383
412 180 324
138 40 318
813 388 234
383 323 275
890 375 249
357 39 1
50 265 75
470 355 32
268 237 165
810 353 84
973 206 200
689 58 343
431 116 223
368 248 300
704 187 370
941 13 2
505 1 41
354 303 89
978 356 158
789 33 157
77 97 340
765 38 332
58 121 398
969 40 335
408 155 231
596 324 379
909 187 136
853 21 263
933 366 112
365 38 46
451 249 259
191 275 364
688 375 389
791 284 54
471 340 379
487 215 256
4 167 79
290 8 38
422 346 366
848 26 314
125 49 202
572 283 304
1006 375 290
864 82 22
666 192 187
561 337 136
447 354 72
342 55 206
726 118 98
350 258 10
433 92 25
310 320 8
616 202 395
573 6 102
592 120 108
380 282 21
674 148 168
792 361 345
47 316 196
271 45 173
400 125 165
241 113 163
629 307 153
439 81 271
391 20 246
869 164 136
220 355 348
630 72 312
192 275 160
326 294 163
752 2 85
302 393 82
954 274 220
159 371 81
694 310 211
955 279 280
867 221 47
528 172 201
189 155 154
164 312 21
539 5 272
896 78 70
429 349 336
514 173 332
86 111 191
295 351 365
716 206 156
13 316 389
593 277 104
501 307 327
381 91 29
799 376 179
669 234 21
90 57 135
475 200 78
69 264 85
868 135 261
379 113 15
432 372 382
320 378 29
926 197 257
680 336 303
632 397 68
834 389 80
486 247 85
284 198 332
339 275 52
71 118 340
79 14 314
917 300 173
807 1 22
445 220 266
846 23 180
529 141 74
12 264 296
26 361 39
40 117 189
362 82 218
344 168 337
130 11 274
818 222 219
668 267 181
667 94 151
717 309 303
513 121 213
975 216 84
708 165 43
131 103 354
24 57 220
382 206 132
182 384 214
64 32 238
52 232 144
947 99 362
335 72 47
168 231 361
843 87 17
204 320 96
548 105 100
556 135 292
607 187 122
652 392 333
94 175 255
871 89 101
208 49 70
859 204 101
698 36 383
229 150 384
873 14 42
578 392 189
907 318 75
774 23 49
649 181 213
929 174 164
741 192 128
983 320 80
46 27 52
181 54 210
266 37 345
230 383 335
480 23 27
772 13 72
536 328 61
559 16 276
322 181 319
661 379 387
957 303 240
1002 320 72
488 214 328
497 345 341
692 251 370
923 16 131
924 308 353
714 0 344
602 20 27
469 27 188
18 170 90
557 374 112
428 346 221
305 32 264
707 178 390
491 259 226
809 165 217
410 314 20
805 276 109
449 38 89
257 13 214
581 23 39
738 366 370
699 331 382
190 186 355
739 351 301
2 259 293
455 17 352
584 110 229
546 272 388
764 65 360
886 351 268
8 47 3
910 367 396
463 99 52
898 109 276
11 351 382
1010 169 149
583 155 390
744 350 284
446 342 28
888 334 13
296 202 213
38 3 29
223 183 85
806 236 181
360 184 127
406 220 373
83 24 86
301 259 122
838 297 332
877 278 3
329 15 121
81 386 45
358 383 72
986 365 102
811 325 4
158 6 275
171 107 160
453 229 244
857 352 194
625 256 174
209 58 217
370 156 341
914 264 350
317 30 213
710 249 254
748 115 338
278 158 89
328 17 171
397 242 77
671 168 293
563 348 345
462 228 209
897 190 277
146 357 289
121 41 337
534 49 1
399 20 168
967 180 371
882 234 389
91 53 154
974 312 247
921 228 212
387 255 227
66 286 390
976 377 346
769 43 236
817 298 274
800 345 357
148 228 364
802 187 332
552 397 138
842 247 220
524 94 86
512 175 257
127 132 108
784 292 281
981 115 179
54 318 185
273 210 26
7 221 18
757 198 383
936 310 112
697 178 290
847 308 378
92 243 277
245 254 25
141 317 303
308 42 396
821 228 80
318 150 185
530 314 279
402 334 128
785 14 168
101 179 372
95 154 208
722 91 50
911 34 266
53 329 125
831 110 164
701 109 164
120 376 387
731 66 371
564 372 269
851 293 9
972 142 23
375 319 171
679 322 388
349 281 186
874 280 149
750 332 73
647 292 84
858 295 228
425 85 128
285 95 164
711 258 365
903 283 347
252 166 202
411 229 99
644 381 166
582 9 329
75 84 32
415 377 165
255 172 14
1008 137 278
70 167 398
608 375 33
1005 304 35
258 248 326
753 136 385
132 120 343
237 175 21
458 114 288
303 66 264
540 225 241
825 332 340
854 40 75
944 349 214
376 37 183
478 174 54
622 77 311
721 158 328
351 37 66
343 172 264
822 226 379
307 254 143
542 46 305
790 103 298
126 120 87
579 0 171
621 112 12
918 74 180
63 266 239
527 280 266
356 249 285
966 397 375
998 257 245
207 225 187
588 172 293
293 103 177
249 273 178
175 288 358
676 372 224
173 353 91
849 71 250
751 382 315
916 335 20
508 119 269
298 192 112
336 0 77
468 232 117
369 356 282
835 46 358
724 83 45
390 142 227
363 241 57
483 382 175
374 397 271
878 245 263
720 37 289
461 207 46
165 290 31
650 193 272
300 113 294
103 339 269
106 239 68
347 341 150
706 33 201
520 316 284
359 56 15
946 200 357
544 130 229
442 283 256
291 268 164
150 92 52
795 217 43
464 23 156
17 204 69
1013 171 36
218 395 127
657 343 351
747 309 44
319 162 170
161 154 377
21 97 30
895 42 314
771 111 197
479 326 386
715 146 253
925 112 102
373 205 47
550 206 76
953 140 63
740 126 180
28 230 63
541 271 194
935 30 31
198 382 19
515 17 252
840 258 319
994 143 389
25 90 254
963 167 13
334 349 362
905 88 1
938 104 6
421 270 162
5 154 247
155 198 47
623 308 273
845 229 171
424 147 362
465 202 399
324 366 197
435 143 312
824 82 30
570 21 19
690 312 275
893 195 231
939 13 73
197 398 209
725 326 259
990 211 364
215 147 166
682 244 27
332 258 127
855 130 225
44 314 139
700 379 218
196 137 223
264 75 319
430 235 229
183 255 109
775 315 83
274 104 246
850 9 33
619 274 91
492 169 315
733 317 384
254 127 105
409 133 383
1011 291 176
214 88 125
549 367 144
3 70 33
122 88 18
932 397 72
631 179 285
597 370 148
472 322 207
145 32 63
1009 392 42
996 385 349
248 87 208
883 317 38
589 230 58
33 60 120
482 395 393
836 328 332
427 69 112
670 159 294
262 384 23
585 290 341
156 56 369
414 304 378
532 245 20
875 156 306
467 237 242
642 23 170
985 222 141
200 127 50
899 137 3
420 312 117
545 251 262
137 64 103
574 395 38
518 240 285
59 107 123
102 305 177
734 88 388
96 357 394
419 322 307
687 367 24
681 174 363
879 66 255
987 165 253
166 122 293
134 13 59
270 124 96
922 69 231
755 157 201
68 114 167
416 28 63
576 72 322
1007 45 270
595 54 118
533 322 235
627 165 267
523 371 338
727 385 139
852 233 113
281 341 299
444 382 336
537 313 41
591 357 303
705 240 126
553 374 73
942 176 309
22 329 117
162 98 55
30 313 2
803 345 114
246 134 295
394 272 259
118 119 67
109 331 222
598 117 62
902 108 76
149 328 75
315 72 25
880 219 253
116 399 81
34 48 204
767 91 387
476 214 241
234 359 15
16 69 29
348 198 174
565 20 195
773 232 241
558 101 290
940 39 151
154 112 319
250 146 92
919 187 315
506 302 59
862 260 8
516 6 300
931 334 178
157 121 349
1012 396 104
703 5 15
232 257 158
968 86 235
313 255 131
691 97 259
151 342 57
912 335 97
730 384 355
185 197 9
920 77 47
798 265 49
338 89 294
551 178 102
580 125 237
438 63 245
531 253 4
395 60 62
502 108 175
828 5 293
163 248 121
457 133 198
436 236 92
759 169 310
999 299 272
115 370 101
108 287 273
904 288 168
485 225 258
117 305 344
228 20 147
648 80 318
178 142 270
39 134 35
316 208 170
213 27 98
396 319 384
489 383 325
656 47 335
948 351 167
9 13 279
891 271 139
1003 28 207
51 236 121
404 234 269
29 224 153
600 380 161
844 375 42
128 69 80
685 320 146
970 228 23
820 370 4
768 324 239
226 166 69
677 108 391
1000 383 377
259 46 144
562 227 4
640 362 390
815 15 17
952 332 259
78 245 205
737 72 288
172 153 151
778 226 38
289 47 312
384 285 118
937 106 337
261 358 215
992 357 236
781 364 176
839 21 66
885 198 141
870 30 185
216 65 316
418 221 346
814 164 226
481 5 228
770 50 331
174 173 233
473 256 119
991 363 335
620 332 347
729 344 265
510 311 73
110 324 37
865 125 174
606 173 369
205 49 19
247 360 133
571 172 285
321 109 195
945 232 290
160 96 236
385 331 148
826 214 372
927 11 386
613 134 80
74 253 193
684 213 292
611 196 153
45 83 259
80 2 353
686 148 17
388 336 55
251 321 198
962 108 157
169 171 238
87 237 8
392 257 125
594 112 20
641 99 274
908 263 361
386 359 198
894 273 127
749 63 16
113 325 303
554 192 178
99 353 342
72 157 80
36 93 79
762 36 334
982 260 57
995 77 162
989 61 213
170 218 194
683 64 344
279 257 269
517 89 51
280 297 257
609 110 363
459 211 110
522 120 82
709 44 286
184 5 105
760 354 205
856 362 8
0 328 269
663 30 274
124 249 91
366 245 95
265 51 193
352 87 320
67 18 389
224 48 217
231 251 232
297 147 110
610 47 392
340 45 81
702 343 389
495 129 276
718 332 65
881 121 376
206 137 318
951 47 50
626 97 121
466 356 334
210 148 120
494 375 18
454 151 355
236 138 125
743 203 108
221 140 5
913 184 154
256 379 206
107 351 172
634 208 191
615 264 152
509 224 223
713 170 319
569 330 107
225 140 367
605 25 271
645 339 144
477 384 345
538 233 214
958 265 160
73 236 324
240 397 155
841 202 272
732 282 380
10 285 233
286 352 354
525 71 380
364 241 361
1001 6 59
55 181 116
144 347 205
590 259 376
673 65 221
984 292 299
672 143 46
587 25 309
98 329 84
267 25 265
105 87 122
104 362 228
153 307 340
62 129 335
819 159 88
378 291 1
934 179 333
212 267 251
49 281 274
235 327 97
889 55 363
217 399 22
901 107 136
393 252 355
1 214 152
88 115 118
37 251 41
372 366 1
728 276 388
437 226 361
277 20 322
490 201 322
193 219 390
965 264 208
979 274 145
971 253 351
639 231 18
243 48 209
341 240 282
20 272 373
180 17 184
961 3 345
403 346 12
560 276 345
577 231 54
114 272 245
823 38 306
100 202 271
787 121 204
756 151 20
97 312 166
693 212 397
423 78 202
333 116 389
371 332 30
887 67 141
547 99 171
780 320 121
179 211 308
654 184 341
643 144 372
199 318 277
604 337 119
659 80 108
746 266 17
498 235 391
915 299 341
719 3 130
203 366 211
448 357 23
675 147 285
832 286 66
112 126 201
993 11 381
504 268 68
637 294 133
89 174 395
337 162 323
892 236 387
575 124 155
119 162 183
997 227 91
964 262 341
660 29 108
76 362 322
405 347 338
346 385 11
167 95 157
830 80 112
272 365 346
782 387 77
665 273 126
988 93 126
239 68 42
152 148 144
507 187 181
812 137 145
123 216 339
796 69 146
493 386 209
426 50 228
779 56 311
32 227 55
651 138 314
827 359 211
188 252 297
816 23 385
555 59 280
499 274 170
543 163 131
884 187 25
222 241 316
260 97 177
662 6 169
263 137 345
276 44 216
511 310 33
452 112 67
330 194 388
863 7 234
417 80 396
736 271 224
85 307 52
950 236 209
42 221 292
960 346 31
638 106 259
766 361 173
434 32 55
407 236 395
599 248 270
147 347 290
61 32 269
111 146 201
980 396 317
401 122 390
253 293 399
201 386 146
633 327 117
612 41 115
282 181 72
788 139 359
135 249 95
956 263 156
783 187 304
566 182 356
176 81 311
786 215 212
288 313 354
311 167 276
745 74 165
521 122 16
794 70 0
327 161 34
808 24 224
238 21 70
287 221 353
242 357 1
65 108 80
943 262 309
617 92 104
567 305 171
314 252 88
377 138 51
601 158 138
655 269 319
833 291 128
219 233 169
186 42 68
635 274 268
804 170 157
312 253 285
500 340 185
306 119 40
776 364 324
15 197 75
294 344 120
653 261 274
460 384 120
292 229 183
646 215 94
526 75 107
233 197 178
177 27 281
353 175 341
31 290 156
484 200 133
503 199 365
140 12 278
761 322 28
269 138 256
837 143 189
496 195 306
27 62 51
861 386 298
398 356 34
723 110 289
389 328 328
742 233 306
227 373 65
56 317 104
84 239 343
906 127 18
586 379 114
930 51 300
624 143 125
797 243 62
440 75 202
664 132 191
866 3 111
142 361 118
14 186 211
450 273 290
133 245 123
900 271 384
361 342 178
187 302 47
568 309 368
860 78 242
275 223 249
959 205 30
636 197 213
57 46 213
43 131 360
202 111 204
367 147 326
323 27 215
614 3 232
