1123
206 728 669
1062 135 575
168 773 332
651 1018 1065
293 432 1089
393 187 149
36 1160 186
74 147 1092
1105 501 381
679 949 801
438 919 108
577 815 1156
1000 486 930
312 1105 617
243 125 931
498 465 153
241 421 509
934 95 318
838 676 39
1088 266 824
397 642 1126
259 527 702
981 844 442
474 305 317
1056 1178 474
42 1092 956
992 16 732
99 640 538
279 621 257
553 105 59
540 276 1167
953 885 915
276 1156 760
371 965 257
208 968 655
785 298 652
262 1010 442
546 327 80
311 643 799
664 313 901
913 814 193
6 1131 1093
112 1067 81
829 616 946
768 803 1054
536 147 428
834 407 262
294 807 25
432 797 586
530 16 941
55 119 740
61 377 417
300 823 808
559 247 485
731 1096 869
696 263 1001
180 1136 260
929 43 130
412 449 22
790 651 140
786 989 962
902 71 823
1026 1029 1156
465 398 602
869 707 1016
1066 552 1158
91 484 256
344 562 496
105 710 464
586 26 609
174 307 1082
25 960 22
862 62 1193
1106 426 865
545 895 1013
299 1184 359
831 861 351
1092 161 264
1068 223 61
689 592 1042
1095 33 260
184 1039 808
612 238 217
479 461 1033
762 80 405
972 567 389
797 717 1174
844 591 790
122 225 770
245 166 1031
477 1170 1036
319 460 724
403 113 1162
976 807 852
1111 1158 110
383 699 569
837 937 398
433 240 685
337 269 754
154 631 618
650 318 296
278 246 545
380 857 547
166 938 461
188 812 479
1102 27 850
1047 499 185
271 76 145
904 173 174
761 727 692
33 406 362
491 977 830
763 177 41
704 963 108
1109 15 557
164 232 1189
712 700 1036
485 59 1109
1073 267 628
20 951 137
855 469 291
769 714 32
1015 199 501
235 955 620
7 421 27
706 673 1154
854 1175 750
318 507 146
950 807 1092
361 684 158
69 459 464
177 1116 1118
955 987 242
170 776 822
940 789 563
1050 398 296
1065 5 297
215 73 39
1060 458 543
899 161 94
514 504 271
755 124 301
557 466 675
984 927 15
296 508 752
102 972 975
449 480 1069
912 309 1113
810 803 429
200 1099 953
635 784 211
269 149 731
1035 311 113
741 117 706
1064 1162 159
39 345 58
248 1040 72
660 641 185
564 1009 486
680 1119 630
87 415 546
956 17 959
440 46 552
291 702 697
1021 1126 850
454 71 867
601 29 307
326 458 204
1063 299 56
806 358 376
910 418 425
322 1110 274
303 994 404
683 954 212
872 866 1040
576 168 1055
944 501 399
23 411 881
71 337 1063
593 63 617
504 1191 1078
334 415 469
709 333 925
182 11 698
1055 590 926
751 1019 1174
1098 675 619
804 93 1104
93 255 634
793 1174 387
609 156 1169
88 260 1180
487 970 429
1082 474 21
126 915 146
373 622 826
705 662 1180
783 859 490
430 335 878
1012 783 353
103 1011 788
106 1046 380
349 791 358
108 791 326
535 1135 777
368 636 1120
669 581 834
1038 221 202
70 245 226
604 245 202
736 491 414
918 525 414
781 525 380
1103 690 190
1069 584 918
455 622 918
1072 209 834
163 864 563
799 844 543
987 904 1004
1079 858 1004
365 1136 1085
327 1136 1125
975 380 255
384 130 328
277 1034 1050
28 41 173
1027 953 995
171 688 667
151 443 897
388 407 897
224 716 454
46 1141 290
871 1082 98
467 33 975
1061 277 1118
429 71 421
802 71 395
444 223 695
281 1166 394
985 503 927
72 481 949
419 1172 456
548 133 586
674 133 566
82 153 566
653 153 586
221 1002 264
109 1002 208
357 625 241
458 625 273
558 593 241
637 780 1050
963 826 1096
35 145 911
67 145 957
1036 158 262
765 180 262
691 267 1008
547 237 978
203 802 552
289 802 592
68 136 419
117 136 443
1097 784 1128
649 555 405
582 585 375
423 585 405
292 520 248
603 464 248
264 598 1058
418 598 1038
387 578 1058
190 669 48
900 1161 1012
907 834 868
386 868 347
570 844 371
270 825 12
1087 542 510
275 570 510
340 930 495
636 636 1121
715 532 764
833 210 738
725 1046 494
848 1044 496
283 780 228
948 435 764
97 532 763
343 235 105
698 143 103
974 721 1009
947 525 1131
949 483 55
966 290 454
782 289 121
85 858 1049
1104 56 1088
543 55 1197
469 430 1091
841 42 123
702 689 715
254 1132 895
335 23 816
628 78 871
914 40 752
1070 40 684
681 947 264
1120 92 702
378 464 303
865 863 500
818 728 48
1094 834 803
307 228 1161
693 348 928
84 292 928
14 347 929
880 301 321
665 945 788
195 932 381
94 760 326
989 1199 777
823 977 88
389 907 158
490 653 832
1078 529 765
363 234 11
360 632 190
169 690 188
588 966 28
1029 923 29
370 965 29
968 188 455
47 1096 1124
15 1097 1125
463 702 625
780 616 625
523 616 533
513 703 624
421 702 533
596 130 287
86 88 287
409 129 286
881 443 862
1089 1141 255
599 1106 290
911 383 458
960 341 1052
196 1092 645
402 1123 614
451 1124 645
926 1124 615
503 225 615
961 301 615
425 1136 103
1051 152 1059
0 152 1027
743 441 213
896 879 890
445 909 922
607 879 922
75 878 891
253 238 1008
903 763 592
111 155 702
473 154 765
728 1121 961
515 1122 928
748 1044 1140
773 1001 1139
951 428 360
991 555 376
936 556 375
800 110 32
250 191 144
437 192 179
598 157 144
286 156 145
727 157 180
44 768 804
497 413 623
40 369 623
654 1010 854
619 945 855
220 780 177
584 738 1124
585 909 89
364 979 157
537 221 225
12 222 226
58 720 1055
1054 675 1008
539 213 834
573 569 1130
375 398 52
1057 291 557
1074 290 558
1116 187 557
288 361 49
640 291 47
924 904 1006
925 160 1088
946 424 301
908 425 300
324 380 299
839 426 299
776 1008 994
645 736 669
927 1036 96
708 1082 54
238 1037 53
572 1081 53
62 1084 846
27 1131 845
861 1132 846
372 96 395
191 97 420
840 23 869
210 223 618
740 40 686
309 1134 190
703 1174 506
803 780 1094
789 100 912
767 159 419
356 160 420
957 160 442
32 159 443
204 785 1185
54 466 248
687 519 303
657 860 421
568 868 370
494 844 348
1016 867 371
420 867 347
428 825 35
471 801 35
240 542 509
508 342 277
125 300 319
1014 1137 712
48 1136 713
152 1199 776
22 975 160
682 435 671
859 995 664
849 934 603
176 994 665
747 932 605
95 931 664
492 148 11
522 688 131
1052 630 187
670 620 956
663 586 956
51 585 955
851 845 563
267 863 543
1 864 544
135 844 562
853 189 456
280 361 50
777 90 328
76 1033 1070
30 1015 1050
988 1014 1069
251 1014 1051
132 1034 1069
460 1008 941
236 1009 942
852 407 863
836 1107 290
754 1107 254
156 383 552
589 32 940
333 340 1118
239 78 817
717 303 691
60 1134 107
813 482 927
130 503 948
1059 946 211
701 1035 828
385 1056 807
456 1035 806
758 1056 827
811 1034 807
895 158 283
965 179 284
367 159 284
332 180 283
602 159 262
980 530 214
341 842 1131
1100 1044 1181
81 1043 1182
310 356 358
730 425 433
205 352 362
141 786 500
1030 783 425
282 578 1039
1034 156 178
328 768 865
962 411 580
1110 295 873
1080 759 356
575 760 357
110 829 177
186 828 176
410 531 760
745 995 607
905 493 380
892 491 382
1107 232 104
290 676 1008
655 673 1053
744 210 829
824 570 1174
952 292 460
531 901 1050
234 904 1047
756 68 537
561 495 1091
986 432 1090
967 497 1023
845 429 1025
998 423 255
529 425 257
882 382 300
672 426 258
826 91 126
1114 689 669
618 690 668
888 733 667
172 686 456
96 687 483
611 686 482
794 472 552
1058 473 461
832 1039 98
897 342 1115
29 1093 615
64 1094 614
211 1092 616
185 298 695
34 183 1057
774 183 1029
158 593 271
123 824 1051
1022 783 1050
921 823 1050
247 780 1053
867 101 956
382 909 891
919 910 892
150 880 922
304 879 921
45 238 1007
856 267 1006
100 266 979
920 266 1007
648 265 1008
942 95 702
616 96 701
877 1090 927
183 1089 960
219 1088 929
147 833 865
443 834 864
507 830 868
140 344 318
124 300 280
796 1045 489
870 1037 380
400 931 387
997 930 388
742 1046 487
198 1039 495
366 829 226
1010 912 160
17 977 157
476 145 16
580 214 740
801 302 742
772 299 739
496 402 53
120 358 120
1081 66 632
181 64 634
729 1099 1085
923 701 536
1007 53 314
634 49 238
90 279 1055
527 96 396
752 95 395
143 227 617
835 303 689
155 225 691
996 1002 212
632 946 260
658 532 122
314 442 122
898 764 553
633 840 1130
1019 841 1183
165 1001 1181
1002 861 425
1091 68 34
483 69 33
1032 279 1163
450 281 1165
77 371 581
891 372 580
825 344 929
982 347 876
822 568 482
711 569 483
805 543 483
1009 945 792
506 943 794
821 946 791
1084 1041 385
237 734 1124
486 913 88
302 910 91
475 583 766
217 586 763
935 439 762
549 674 1053
578 677 1008
938 621 920
846 620 919
9 211 828
893 527 1174
876 529 1176
315 188 553
526 902 1006
424 900 1004
413 70 627
879 431 1087
928 688 711
502 736 711
571 692 715
331 468 554
26 1081 95
59 1078 98
978 0 975
396 36 685
718 38 687
66 39 688
554 37 686
246 1140 192
1075 1174 458
820 784 1050
656 439 206
19 94 762
1037 96 764
885 191 178
415 190 179
623 1164 1081
566 846 347
828 825 14
104 823 12
162 801 14
1045 824 13
1033 733 1125
858 582 828
398 583 829
945 650 766
79 931 661
510 630 136
646 863 562
857 862 563
977 63 1196
700 1132 1085
775 1135 1088
362 90 288
719 86 173
308 49 316
342 54 245
268 716 481
757 713 484
779 689 454
639 1130 893
724 1084 891
563 1133 890
1031 343 1112
819 343 1058
416 1093 644
592 1095 646
620 1095 614
784 27 816
133 79 820
493 1137 188
468 1168 343
1096 1171 340
542 1167 344
339 481 947
394 482 948
11 1177 456
427 1000 211
759 1034 826
816 1035 827
532 527 119
1113 526 118
80 267 981
453 264 978
569 800 590
213 798 592
933 801 589
101 799 591
678 555 402
675 557 404
478 789 423
538 855 501
173 856 422
694 598 1056
379 597 1057
544 596 1058
863 70 75
778 107 76
624 111 72
979 1168 1084
901 1161 1077
187 227 1166
16 276 1161
119 373 624
995 293 925
873 297 929
600 1006 854
121 1010 850
915 1135 718
875 1194 711
860 736 1129
732 911 92
560 588 833
222 651 828
138 438 673
878 436 675
56 936 665
1053 938 667
917 231 101
533 215 742
817 305 824
615 530 1130
941 286 459
306 285 458
391 361 114
178 295 120
922 56 1098
753 155 1195
462 621 535
466 704 542
209 615 541
581 1003 939
808 732 714
439 1 975
417 337 1053
1043 339 1115
43 337 1117
78 34 752
764 997 263
733 996 264
179 1001 259
399 530 209
890 527 212
297 156 758
667 352 426
505 160 144
426 292 879
194 304 320
791 305 321
407 1046 393
258 939 384
249 933 486
351 831 182
447 1142 712
787 1195 775
1071 436 756
8 530 676
381 524 762
233 237 22
197 233 18
4 226 11
686 634 133
127 636 131
10 922 24
313 211 747
442 218 832
452 483 46
750 474 55
541 187 465
376 292 116
350 291 115
643 58 1097
737 66 627
316 88 291
916 467 460
884 1089 845
404 1089 895
272 280 1113
265 282 1115
113 94 421
684 300 621
707 41 744
128 1172 500
688 444 208
1046 420 359
348 858 497
647 834 810
1006 828 804
690 826 868
771 944 848
160 951 789
638 736 1131
677 726 1121
1108 729 1124
1048 644 1125
57 910 94
662 971 89
1003 915 89
115 970 160
721 650 828
518 445 668
735 445 764
52 523 670
49 529 755
583 987 667
868 237 93
519 155 105
207 235 95
520 684 188
812 715 1056
746 717 1010
610 718 1011
550 719 1012
1024 721 1050
345 622 923
63 565 1130
722 569 1134
517 525 1170
788 399 45
330 279 454
2 280 559
969 281 557
459 196 457
301 280 558
516 904 1044
228 152 1090
699 1132 1124
202 1096 1090
605 613 545
1017 384 257
671 1008 945
377 959 940
431 731 668
317 730 667
411 735 672
274 690 484
1004 387 549
710 391 553
263 382 468
697 1094 616
13 1120 646
556 72 815
499 295 693
148 41 693
591 36 748
954 151 1055
973 1167 388
359 1171 392
435 953 208
244 597 273
159 448 211
738 447 210
1112 798 553
714 762 587
579 149 764
528 148 765
676 95 706
320 94 707
685 150 763
501 352 424
149 418 434
137 464 255
354 863 491
395 783 491
889 863 431
1005 676 47
847 677 48
18 1165 1017
414 1164 1018
392 1168 1014
1020 1169 1013
405 233 1162
644 341 873
352 306 277
1090 931 481
295 1142 775
930 1199 770
227 1143 776
157 979 150
142 653 772
369 519 764
489 236 23
134 143 24
641 224 105
970 922 23
199 925 26
1067 927 28
408 298 828
1011 472 55
886 410 55
815 186 469
883 353 120
216 298 121
261 67 1090
795 149 1088
1076 58 1187
1119 705 612
1042 1007 945
41 1008 946
436 407 892
401 48 314
464 52 310
1023 53 309
242 1110 290
193 1105 285
760 1108 288
338 2 939
932 0 941
83 1128 847
92 1127 846
24 1090 895
629 1130 849
145 278 1060
630 278 1110
567 31 871
606 231 618
511 224 685
353 1136 113
161 1135 114
716 952 262
1121 1055 808
214 1037 806
1018 180 265
959 179 264
305 92 756
118 792 1128
329 787 1133
1041 835 1185
167 1006 1183
770 465 297
50 192 149
260 159 178
1093 157 176
937 160 179
257 156 175
488 829 806
666 830 807
792 827 804
642 1008 795
1117 945 494
232 1035 489
5 1038 389
481 935 392
136 944 493
1115 787 228
597 784 225
521 783 224
887 1198 770
617 1199 719
273 1198 718
146 651 1120
827 738 1135
336 732 1129
1039 637 1134
256 972 156
1122 647 767
114 524 410
713 525 409
1118 523 411
590 143 91
472 149 97
1001 639 190
625 673 1015
842 222 833
943 861 563
906 282 554
766 192 464
749 189 547
1101 902 1009
661 859 1044
448 864 1049
565 69 1089
325 158 1187
814 57 633
441 1136 1119
524 1131 1124
999 1134 1121
595 614 612
192 693 623
321 613 611
723 380 294
850 381 295
864 693 713
695 45 316
668 471 467
284 390 462
652 1036 91
1040 336 1055
285 334 1053
38 224 626
739 227 623
673 1146 104
613 1141 109
931 785 1094
1008 781 1090
512 820 1095
993 100 917
994 106 911
983 103 914
484 453 118
562 802 558
622 1121 931
153 1122 932
131 842 1137
964 785 1178
807 420 431
509 789 495
470 595 1038
434 581 1038
1086 596 1039
116 598 1041
347 670 40
1085 1170 1082
552 771 809
909 825 867
692 301 315
457 337 321
266 1002 854
555 943 845
594 1027 380
390 1046 477
574 1199 768
374 1196 717
798 1137 768
1049 1199 720
223 908 149
587 974 95
346 977 98
525 916 91
551 581 774
37 145 92
298 223 104
231 639 189
866 631 139
1044 689 181
65 959 29
189 675 1050
894 590 918
21 584 924
1028 587 921
461 586 922
1025 585 923
446 616 918
144 221 831
226 224 738
175 220 743
225 292 832
355 221 741
129 398 41
971 202 559
255 300 47
621 300 121
107 147 1197
3 439 1090
958 499 1080
229 489 1022
608 698 541
98 618 615
726 624 621
480 699 616
252 627 624
482 88 293
614 125 326
139 91 165
358 41 131
1099 953 986
406 694 669
843 692 671
627 412 896
534 715 480
990 716 479
1077 1140 259
830 1141 260
809 475 539
659 382 541
212 27 939
422 0 972
626 1127 893
31 1085 851
874 1084 852
89 1125 895
218 1133 853
939 1083 853
495 1091 845
1013 1126 894
734 76 865
73 24 823
1083 27 866
720 70 815
323 228 687
500 37 745
287 1148 193
631 1134 117
230 151 1032
53 178 1059
201 178 1027
